Points_0,Points_1,Points_2
-1.69324,0.742286,0.319303
-1.7758,0.661075,0.33746
-1.75715,0.78757,0.311016
-1.76811,0.573803,0.363856
-1.77017,0.476768,0.37958
-1.72762,0.574553,0.368
-1.7985,0.9058,0.285772
-1.72558,0.859387,0.283611
-1.8322,0.797361,0.30939
-1.85046,0.690416,0.343275
-1.81379,0.576973,0.366934
-1.79545,0.479611,0.38196
-1.86856,0.686409,0.374472
-1.84578,0.564648,0.38379
-1.82814,0.470733,0.400973
0.533448,0.624065,0.395833
0.509387,0.517291,0.396534
0.519596,0.517865,0.368256
0.545689,0.698743,0.403719
0.550727,0.635517,0.359744
0.549432,0.829496,0.404182
0.56094,0.699523,0.361256
0.555801,0.907171,0.428453
0.563325,0.83699,0.365726
0.424259,0.507823,0.406933
0.39841,0.495427,0.395216
0.41226,0.601623,0.422789
0.385102,0.598189,0.411799
0.416501,0.675089,0.430304
0.374566,0.683142,0.426796
0.415231,0.805586,0.444737
0.351679,0.797625,0.436684
0.385772,0.877725,0.466451
0.337913,0.878726,0.44919
0.35756,0.600953,0.390465
0.332428,0.681035,0.393277
0.323353,0.806005,0.414
0.31097,0.88026,0.422415
0.388252,0.491993,0.374286
0.364158,0.603871,0.349351
0.338943,0.686043,0.348791
0.307998,0.801434,0.354587
0.298274,0.90815,0.311908
0.39158,0.507404,0.350703
0.397796,0.616734,0.309068
0.382725,0.687868,0.306093
0.362156,0.844157,0.303929
0.363541,0.89992,0.276833
0.479995,0.514462,0.414546
0.512148,0.886744,0.454765
0.514246,0.827658,0.44181
0.50405,0.684747,0.443494
0.498641,0.597188,0.427457
0.45225,0.507968,0.415864
0.453925,0.905901,0.482254
0.460062,0.828751,0.453333
0.469045,0.673458,0.442206
0.459806,0.583277,0.429114
0.43251,0.524847,0.313084
0.41702,0.902274,0.26746
0.425448,0.862759,0.294865
0.428684,0.691862,0.283731
0.439849,0.620111,0.28642
0.527857,0.40034,0.342649
0.464385,0.511204,0.298996
0.516669,0.526244,0.325057
0.523674,0.902869,0.272278
0.536343,0.832533,0.289871
0.515761,0.714673,0.298665
0.566296,0.914995,0.380762
0.505477,0.652144,0.307464
0.602192,1.059,0.417036
0.589091,0.996277,0.397341
0.583806,1.04782,0.467513
0.57141,0.98165,0.445662
0.525235,1.06186,0.510695
0.52855,0.955603,0.473328
0.454049,1.04411,0.515809
0.452546,0.957251,0.499922
0.364348,1.04678,0.505274
0.369056,0.948321,0.486897
0.318398,1.0376,0.481841
0.32687,0.962726,0.473139
0.289014,1.02966,0.45392
0.299593,0.972786,0.432607
0.252602,1.0381,0.374697
0.244072,1.00699,0.33658
0.618136,1.10611,0.431658
0.605401,1.117,0.471767
0.550802,1.12953,0.51896
0.4689,1.12399,0.531718
0.383788,1.12389,0.519533
0.330269,1.1072,0.50564
0.292373,1.09718,0.486165
0.236138,1.10234,0.405395
0.637814,1.18124,0.449167
0.37908,1.17777,0.52447
0.481578,1.19742,0.534151
0.565565,1.19275,0.515015
0.609822,1.18192,0.493032
0.288163,1.1683,0.501964
0.248045,1.18636,0.452324
0.335396,1.16866,0.524749
0.984735,2.47235,0.0172057
1.08387,2.51096,0.0340487
0.996751,2.44695,0.0769884
1.09191,2.49648,0.0674534
1.00646,2.38495,0.133192
1.10254,2.42482,0.131838
1.01893,2.32309,0.151494
1.12952,2.37419,0.152089
1.03159,2.26111,0.16973
1.14702,2.30317,0.178789
1.05266,2.13662,0.20597
1.18941,2.20546,0.20254
1.06434,2.00328,0.222579
1.21367,2.07056,0.21787
1.10446,1.82841,0.222275
1.22732,1.91468,0.201604
1.12259,1.72081,0.207429
1.25388,1.81133,0.174803
1.13944,1.6762,0.184039
1.26338,1.78286,0.161782
1.14771,1.63575,0.158768
1.27815,1.75261,0.137819
1.17422,1.56684,0.115414
1.28946,1.72041,0.10825
1.20774,1.54952,0.084812
1.30561,1.6834,0.0800642
1.18275,2.55172,0.047374
1.30124,2.62082,0.0682637
1.47481,1.8797,0.0838721
1.37289,1.81275,0.111159
1.40198,1.79386,0.0892194
1.46791,1.89973,0.134362
1.36064,1.85038,0.139635
1.45162,1.95542,0.178801
1.35514,1.89614,0.172802
1.4399,2.06158,0.221168
1.34358,1.97928,0.205563
1.41647,2.17533,0.239955
1.31034,2.12558,0.230751
1.37131,2.28657,0.224655
1.26769,2.24848,0.213101
1.36952,2.38103,0.212096
1.24104,2.35311,0.18373
1.33994,2.47094,0.197399
1.21929,2.41839,0.172436
1.31496,2.57597,0.144524
1.19206,2.47528,0.142068
1.30943,2.60212,0.108765
1.18359,2.53049,0.0816295
1.13156,1.43368,0.0908779
0.699085,2.38201,0.0914261
0.855409,2.40915,0.07605
0.71931,2.32853,0.15265
0.865293,2.34704,0.132183
0.768707,2.25826,0.188567
0.881842,2.28153,0.157653
0.784065,2.16937,0.227967
0.899337,2.2105,0.184353
0.820913,2.05167,0.258502
0.916494,2.08547,0.220169
0.869613,1.91721,0.273516
0.957974,1.94856,0.229165
0.897636,1.81003,0.291929
1.00766,1.77835,0.25523
0.936088,1.72311,0.289221
0.945402,1.64066,0.285324
1.04082,1.67873,0.240115
0.960019,1.54696,0.231563
1.05397,1.61264,0.203686
1.0687,1.53548,0.169695
1.10699,1.47067,0.12393
0.839422,1.90627,0.319757
0.871914,1.77994,0.316482
0.888454,1.69987,0.318739
0.888445,1.62278,0.318399
0.867877,1.54601,0.318748
0.714633,2.15084,0.265603
0.75279,2.04302,0.311761
0.766565,2.03908,0.299462
0.779442,1.36167,0.415241
0.844329,1.441,0.363296
0.801977,1.41681,0.434672
0.849618,1.51623,0.352835
0.807676,1.51145,0.431569
0.863553,1.62034,0.38378
0.826186,1.61714,0.453865
0.862375,1.69978,0.39514
0.83479,1.69413,0.449267
0.851549,1.77675,0.376626
0.811454,1.80061,0.425631
0.80626,1.92452,0.341401
0.791352,1.92886,0.368171
0.779027,2.04403,0.288027
0.598271,2.37723,0.0815876
0.620586,2.33238,0.152779
0.672756,2.21938,0.242813
0.69247,1.27469,0.448796
0.648191,1.22222,0.441073
0.570496,2.36489,0.0959052
0.582478,2.34314,0.146184
0.623601,2.25079,0.230243
0.657173,2.16451,0.294525
0.693016,2.0732,0.336592
0.71597,1.948,0.405587
0.737825,1.83681,0.459393
0.758274,1.71368,0.501155
0.760536,1.58781,0.51795
0.739421,1.49566,0.504117
0.733796,1.42895,0.50082
0.709468,1.34232,0.461914
0.545883,1.3113,0.527345
0.455096,2.37755,0.0804243
0.587927,1.44582,0.557408
0.599984,1.52052,0.565506
0.602417,1.57887,0.573224
0.575929,1.72811,0.557307
0.550247,1.83659,0.506587
0.529309,1.96822,0.451053
0.521514,2.10148,0.382018
0.477957,2.24259,0.280812
0.461427,2.31657,0.1801
0.451186,2.35899,0.116447
-0.243122,2.3456,0.0729816
-0.0164301,2.3104,0.126306
-0.237091,2.30667,0.129375
-0.0216975,2.25479,0.205691
-0.214296,2.26289,0.191697
-0.00637012,2.13444,0.310935
-0.206966,2.1756,0.279713
0.0362125,2.03745,0.387407
-0.23438,2.10316,0.363586
0.0644202,1.93635,0.44264
-0.202261,1.94942,0.480961
0.072333,1.77075,0.524869
-0.103996,1.75928,0.555118
0.0672682,1.6893,0.545662
-0.104044,1.6686,0.58444
0.07716,1.62209,0.555867
-0.113861,1.59412,0.600142
0.0743565,1.55867,0.564057
-0.102616,1.52027,0.606203
0.0816122,1.46746,0.55011
-0.100636,1.43092,0.603056
0.0878759,1.3717,0.504804
-0.0989703,1.32421,0.588981
0.0765427,1.32176,0.488322
-0.109078,1.22289,0.554818
0.0726457,1.20884,0.451668
-0.101541,1.10375,0.48565
0.0799102,1.13135,0.408138
-0.1078,1.02295,0.412008
0.0685371,1.06699,0.368527
-0.104217,0.98232,0.339306
0.0650325,1.03194,0.323172
0.0606197,0.961836,0.256111
0.0607472,0.94233,0.187067
-0.588431,2.35006,0.0841663
-0.439353,2.34661,0.0688652
-0.587514,2.32674,0.121789
-0.459418,2.32047,0.119638
-0.617872,2.30212,0.197468
-0.45103,2.29318,0.173664
-0.605216,2.25989,0.284709
-0.420852,2.25181,0.242152
-0.639101,2.19085,0.33761
-0.426582,2.17874,0.310729
-0.743111,2.13404,0.371413
-0.520743,2.0463,0.430194
-0.768884,2.0005,0.507394
-0.392484,1.80532,0.595546
-0.673378,1.79638,0.648951
-0.339265,1.67533,0.651114
-0.626245,1.68227,0.700512
-0.333732,1.60451,0.673569
-0.578316,1.53957,0.743672
-0.326679,1.50404,0.682275
-0.576888,1.34657,0.752127
-0.337082,1.38182,0.696976
-0.564333,1.20042,0.72753
-0.332427,1.23652,0.668433
-0.556475,1.07713,0.66512
-0.360032,1.09903,0.617136
-0.572794,0.986433,0.58092
-0.373419,1.00948,0.547576
-0.573627,0.944234,0.516879
-0.373578,0.963961,0.481464
-0.877541,2.37779,0.0609719
-0.735852,2.3582,0.0690911
-0.882852,2.35663,0.123805
-0.762634,2.34273,0.131299
-0.911567,2.33345,0.228718
-0.790348,2.31199,0.241034
-0.931725,2.3146,0.32191
-0.802827,2.26847,0.337611
-0.960535,2.27904,0.400105
-0.833473,2.21702,0.363425
-1.02563,2.22039,0.465064
-0.90546,2.12872,0.419505
-1.02624,2.10077,0.50952
-0.871015,2.03472,0.488514
-0.98288,1.98897,0.548232
-0.847723,1.9594,0.554989
-0.961346,1.8562,0.598183
-0.835729,1.79016,0.644385
-0.993922,1.73361,0.636914
-0.816592,1.67598,0.686879
-0.998383,1.59257,0.66819
-0.80607,1.45225,0.747208
-0.956858,1.29525,0.686822
-0.816552,1.2199,0.722034
-0.948338,1.18502,0.642013
-0.809527,1.09989,0.661682
-0.959878,1.10608,0.579171
-0.783118,1.01437,0.598695
-0.962215,1.05839,0.49272
-0.761588,0.968223,0.517281
0.381266,1.30589,0.551726
0.383065,1.22509,0.534838
0.302981,2.37267,0.100156
0.312384,2.35156,0.129421
0.318247,2.31689,0.178938
0.32169,2.25718,0.26043
0.327059,2.19145,0.3288
0.35067,2.01687,0.438134
0.355748,1.94315,0.472989
0.37685,1.78849,0.518916
0.385203,1.70219,0.536373
0.390197,1.61179,0.551373
0.391872,1.51964,0.560511
0.398251,1.42249,0.571289
0.183756,1.0167,0.301307
0.19192,0.959636,0.256401
0.197588,0.927634,0.193665
0.195715,1.06619,0.364925
0.263623,1.35436,0.489771
0.210611,1.19381,0.443658
0.200543,1.12477,0.396447
-0.761901,0.92178,0.398496
-0.943831,2.38331,0.0611529
-0.957227,2.36311,0.120107
-0.966598,2.34212,0.235431
-0.987686,2.33293,0.320452
-1.03915,2.29423,0.43516
-1.10069,2.21653,0.492888
-1.10594,2.08102,0.522942
-1.13843,1.89292,0.535254
-1.13347,1.80266,0.550339
-1.13998,1.73002,0.571771
-1.13302,1.61799,0.606551
-1.13642,1.4787,0.619846
-1.15185,1.36483,0.573354
-1.12763,1.26347,0.519473
-1.11646,1.18653,0.476366
-1.08397,2.39188,0.0556873
-1.09744,2.37376,0.111269
-1.1108,2.36799,0.193357
-1.19235,2.31612,0.357594
-1.22161,2.21504,0.471196
-1.21468,2.10314,0.506064
-1.22935,1.96062,0.512954
-1.23663,1.84464,0.526588
-1.23265,1.78485,0.546389
-1.19375,1.70594,0.577206
-1.1781,1.61993,0.604188
-1.20152,1.48177,0.609139
-1.23816,1.37138,0.565327
-1.2455,1.27018,0.493267
-1.24254,1.21717,0.45567
-1.23805,1.2021,0.427168
-1.12736,1.15336,0.417981
-0.870025,0.961382,0.392435
-0.983815,1.03216,0.39632
-0.944239,1.01247,0.402195
-1.25841,2.40454,0.0631288
-1.26748,2.39229,0.103186
-1.28395,2.37607,0.193063
-1.29921,2.31869,0.357124
-1.31404,2.20099,0.478937
-1.35383,2.07174,0.518381
-1.3548,1.94193,0.532813
-1.3363,1.84451,0.547986
-1.29315,1.77143,0.563264
-1.25436,1.69483,0.590661
-1.25188,1.61153,0.624498
-1.30603,1.43774,0.622307
-1.34514,1.29917,0.561091
-1.35207,1.19157,0.499426
-1.35528,1.15122,0.462641
-1.3585,1.11087,0.425855
-1.51995,2.44304,0.0317397
-1.53073,2.42813,0.0985798
-1.53326,2.40792,0.176308
-1.53861,2.37324,0.268667
-1.5396,2.29832,0.388268
-1.52525,2.15956,0.491646
-1.47559,1.97154,0.554109
-1.45965,1.8927,0.56181
-1.45296,1.84967,0.563555
-1.43216,1.7359,0.582546
-1.41436,1.63773,0.606601
-1.40614,1.55547,0.617229
-1.39212,1.41923,0.608267
-1.41309,1.24076,0.555123
-1.47315,1.06929,0.5166
-1.68754,2.47112,0.0246564
-1.69837,2.42805,0.0979502
-1.69733,2.41698,0.162211
-1.7122,2.39207,0.25133
-1.70189,2.33382,0.347938
-1.67689,2.2475,0.417075
-1.63342,2.08972,0.498431
-1.58736,1.93646,0.535089
-1.57184,1.8099,0.541802
-1.57025,1.71984,0.547568
-1.52617,1.63709,0.571024
-1.50956,1.49669,0.592658
-1.49507,1.37783,0.594637
-1.49877,1.21172,0.558072
-1.54325,1.06772,0.526863
-1.89323,2.34611,0.141926
-1.82217,2.40123,0.169684
-1.89651,2.30128,0.228127
-1.83842,2.36423,0.246681
-1.89027,2.24156,0.271639
-1.81346,2.30807,0.306133
-1.87406,2.17092,0.312802
-1.78672,2.23467,0.378566
-1.85904,2.09055,0.33844
-1.77203,2.13025,0.403688
-1.83126,1.94175,0.39269
-1.75072,1.95482,0.436731
-1.79941,1.77063,0.437486
-1.71375,1.80486,0.480331
-1.77486,1.68042,0.466499
-1.68381,1.70213,0.515645
-1.73476,1.59494,0.493031
-1.65159,1.61737,0.538144
-1.70871,1.44686,0.514534
-1.62318,1.45091,0.567057
-1.70657,1.30874,0.504691
-1.62057,1.33016,0.568158
-1.71794,1.16301,0.471599
-1.63665,1.16122,0.53966
-1.73035,1.04801,0.443391
-1.6565,1.04578,0.501834
-1.74743,0.982462,0.426901
-1.69197,0.968232,0.483025
-1.98813,2.30388,0.132259
-1.97181,2.24978,0.193193
-1.96593,2.19865,0.223168
-1.95293,2.12823,0.255021
-1.9462,2.05075,0.273319
-1.92107,1.92699,0.309725
-1.88654,1.78203,0.37553
-1.85115,1.67318,0.40692
-1.82521,1.55324,0.42196
-1.79214,1.41623,0.435955
-1.76699,1.30183,0.449779
-1.76909,1.17153,0.426028
-1.78647,1.08426,0.405605
-1.977,2.19887,0.0954694
-1.97342,2.16424,0.121358
-1.97088,2.11326,0.141794
-1.96055,2.06355,0.163023
-1.95699,2.01446,0.165563
-1.94242,1.91226,0.187396
-1.91557,1.77321,0.233328
-1.89344,1.66503,0.2748
-1.86614,1.54773,0.324678
-1.84338,1.45185,0.33118
-1.78919,1.28103,0.352091
-1.42735,1.02777,0.428129
-1.81493,0.927047,0.408396
-1.58108,0.810576,0.316314
-1.72266,0.488582,0.376221
-1.77955,0.359688,0.48183
-1.80534,0.356845,0.471115
-1.79745,0.272915,0.499591
-1.68761,0.384444,0.461901
-1.72632,0.375461,0.457189
-1.71135,0.303816,0.483598
-1.67137,0.384365,0.428249
-1.65811,0.310009,0.481592
-1.7972,0.24785,0.493579
-1.76256,0.280029,0.498563
-1.80368,0.206348,0.496382
-1.7645,0.218369,0.488773
-1.75992,0.198078,0.476095
-1.61332,0.252646,0.440196
-1.64056,0.307558,0.43692
-1.75076,0.374191,0.462968
-1.7422,0.289934,0.50425
-1.81135,0.254952,0.431812
-1.80978,0.19918,0.420929
-1.79391,0.207538,0.373655
-1.81385,0.348329,0.428118
-1.79654,0.370858,0.389596
-1.77731,0.266651,0.376684
-1.67791,0.238523,0.489822
-1.62403,0.243574,0.48224
-1.71777,0.227776,0.503095
-1.73887,0.221181,0.499476
-1.66784,0.325001,0.400906
-1.73774,0.279593,0.360118
-1.69491,0.312218,0.374722
-1.66942,0.240259,0.381656
-1.6327,0.248683,0.40978
-1.7247,0.379357,0.374228
-1.7456,0.383056,0.376877
-1.68178,0.377396,0.405301
-1.78747,1.09099,0.347991
-1.77487,1.18526,0.363539
-1.84736,1.46705,0.297938
-1.919,1.97252,0.129306
-1.90947,1.91396,0.125837
-1.9007,1.79821,0.144073
-1.89197,1.66893,0.191839
-1.87166,1.56877,0.242991
-1.93914,2.00507,0.00213196
-2.03707,1.52001,0.0105783
-2.02447,1.66952,0.0235689
-2.02941,1.66896,0.00213229
-2.03639,1.82284,0.0255526
-2.05529,2.04576,0.0275408
-2.0436,2.25552,0.0295243
-1.97223,2.39139,0.0315077
-1.87119,2.4679,0.033491
-1.76915,2.48725,0.0354742
-2.01929,1.51944,0.0248207
-2.01098,1.67104,0.0392617
-2.02172,1.8245,0.0427001
-2.03936,2.0474,0.0461385
-2.02635,2.25476,0.0495768
-1.95548,2.3835,0.0530148
-1.86069,2.45115,0.0564528
-1.76442,2.468,0.0598908
-1.99502,1.51867,0.0300355
-1.99254,1.67311,0.0450098
-2.00168,1.82677,0.0489816
-2.0176,2.04964,0.0529533
-2.00279,2.25372,0.056925
-1.9326,2.37272,0.060892
-1.84636,2.42827,0.0648634
-1.97075,1.5179,0.0248339
-1.97411,1.67518,0.0392748
-1.98164,1.82903,0.0427132
-1.99583,2.05188,0.046156
-1.97922,2.25267,0.0495942
-1.90971,2.36194,0.0530322
-1.83201,2.40539,0.0564704
-1.95297,1.51733,0.0106
-1.96061,1.67669,0.0235907
-1.96696,1.83069,0.0255788
-1.97989,2.05352,0.0275625
-1.96196,2.2519,0.0295504
-1.89295,2.35404,0.0315383
-1.82151,2.38863,0.0335261
-1.94645,1.51712,-0.00884862
-1.95566,1.67725,0.00215847
-1.95294,1.51733,-0.0283016
-1.9606,1.6767,-0.0192826
-1.97071,1.51789,-0.0425529
-1.97408,1.67518,-0.0349842
-1.99498,1.51867,-0.0477808
-1.99251,1.67311,-0.0407456
-2.01925,1.51944,-0.0425881
-2.01095,1.67104,-0.0350237
-2.03703,1.52001,-0.028363
-2.02445,1.66952,-0.0193484
-2.04357,1.52022,-0.00887026
1.75696,2.43257,0.272388
1.83409,2.50764,0.254636
1.79309,2.49427,0.283369
1.85871,2.4892,0.232755
1.80135,2.42054,0.274579
1.83798,2.41463,0.255747
1.8587,2.41623,0.231675
1.8218,2.39496,0.261262
1.84628,2.38928,0.246115
1.85487,2.3995,0.225071
1.86739,2.43002,0.206306
1.8469,2.50848,0.222479
1.82641,2.52221,0.236942
1.8712,2.47524,0.214139
1.81015,2.52656,0.240134
1.78565,2.52418,0.25606
1.77344,2.53697,0.262677
1.75282,2.50235,0.281649
1.80616,2.55507,0.24143
1.83056,2.55388,0.229832
1.86342,2.53148,0.208519
1.8877,2.48608,0.201351
1.89585,2.44123,0.197745
1.8757,2.40879,0.196427
1.85878,2.37944,0.227103
1.83417,2.36923,0.247773
1.80556,2.3708,0.263223
1.79737,2.40381,0.267975
1.78132,2.39576,0.268381
1.90018,2.43572,0.182114
1.90439,2.46778,0.179112
1.888,2.3915,0.186108
1.8711,2.37022,0.216158
1.8262,2.34446,0.242007
1.8018,2.34563,0.253451
1.75318,2.36294,0.262769
1.89198,2.49708,0.188268
1.87586,2.52992,0.192694
1.835,2.56472,0.216766
1.81027,2.57062,0.235876
1.74288,2.5008,0.272912
1.77763,2.54819,0.253552
1.74878,2.43295,0.276148
1.72905,2.38263,0.256316
1.74952,2.56392,0.247235
1.79064,2.58876,0.213412
1.81556,2.58208,0.186249
1.86058,2.55045,0.15399
1.88917,2.50838,0.13847
1.90514,2.46468,0.147052
1.9089,2.42495,0.155128
1.7288,2.42429,0.26839
1.78869,2.60068,0.127216
1.74749,2.61675,0.165213
1.84974,2.54953,0.101203
1.89416,2.5041,0.0943487
1.9184,2.45964,0.0952214
1.92966,2.41022,0.128648
1.92105,2.35948,0.149463
1.90794,2.3193,0.193553
1.85478,2.26582,0.225878
1.77349,2.25263,0.253653
1.8303,2.25871,0.23413
1.73701,2.26543,0.259701
1.69282,2.32602,0.256806
1.72487,2.50531,0.268598
1.66464,2.41511,0.255669
1.65654,2.48002,0.25734
1.70216,2.60097,0.210182
1.66897,2.54352,0.243353
1.9314,2.4597,0.0550105
1.95881,2.39827,0.0899756
1.95794,2.3247,0.125457
1.96514,2.2391,0.162128
1.7209,2.23732,0.262047
1.66841,2.31032,0.261902
1.68447,2.27019,0.266156
1.66872,2.39016,0.250044
1.63215,2.34727,0.265464
1.61224,2.43147,0.256859
1.61242,2.49576,0.250644
1.70145,2.64758,0.0638849
1.67614,2.65658,0.115055
1.62976,2.62819,0.197733
1.59323,2.56881,0.210764
1.96073,2.20781,0.173183
1.93214,2.14843,0.186395
1.84267,2.14841,0.224829
1.75726,2.20408,0.253984
2.00391,2.39475,0.0548428
2.04829,2.34617,0.0565794
2.02683,2.2826,0.110869
2.03127,2.31721,0.0913595
2.00973,2.22158,0.148748
1.99326,2.18619,0.159919
1.97725,2.12524,0.15731
1.97277,2.09829,0.171931
1.8587,2.11595,0.224353
1.74494,2.14428,0.263466
1.70434,2.16987,0.276317
1.65175,2.21962,0.286393
1.61153,2.28022,0.283749
1.62417,2.3874,0.261399
1.59186,2.38387,0.265138
1.58777,2.42832,0.264728
2.12899,2.28478,0.052268
2.112,2.26388,0.0862722
2.09518,2.23809,0.112615
2.07038,2.19622,0.140487
2.05004,2.16059,0.147448
2.03778,2.12086,0.15499
2.03359,2.0967,0.157229
2.18433,2.23611,0.0946209
2.18934,2.24857,0.0571696
2.1652,2.2643,0.0509454
2.14764,2.218,0.115771
2.13079,2.18418,0.143053
2.1754,2.20304,0.129983
2.16286,2.16859,0.14929
2.15866,2.11668,0.158199
2.11064,2.14778,0.14196
2.16211,2.26887,0.0025369
2.16439,2.24339,0.0853198
2.11837,2.12082,0.156864
2.07378,2.09312,0.162656
2.25328,2.21407,0.0780947
2.26571,2.21252,0.0624281
2.23356,2.2326,0.0597393
2.29406,2.18756,0.0573675
2.27733,2.18989,0.0809951
2.22083,2.22725,0.0881893
2.30232,2.14627,0.0494285
2.27433,2.06821,0.0360765
2.26958,2.0552,0.0695957
2.28627,2.09298,0.0419303
2.24046,2.04274,0.106488
2.25241,2.07148,0.112117
2.21534,2.0787,0.142934
2.28142,2.08052,0.0795448
2.28529,2.11337,0.084592
2.16258,2.06828,0.158984
2.19911,2.07144,0.151393
2.16657,2.08502,0.165592
2.12608,2.08582,0.172706
2.06987,2.04828,0.158768
2.15875,2.04745,0.152777
2.11812,2.06498,0.166407
2.09827,2.03532,0.152548
2.11834,2.04376,0.156343
2.05393,2.03101,0.147946
2.04985,2.05991,0.153192
2.07423,2.01822,0.141523
2.02962,2.06425,0.156291
2.02706,1.99353,0.0941762
2.02576,2.03536,0.15086
2.08785,1.9839,0.0804095
2.10319,2.00705,0.1109
2.12832,1.97915,0.0736781
2.14375,2.00192,0.100219
2.17296,1.97757,0.0585979
2.19235,2.00901,0.092527
1.96879,2.0619,0.171376
1.99416,2.00394,0.116808
1.9609,2.03261,0.161744
2.21386,1.99117,0.0339916
2.23087,2.02013,0.00253664
2.23766,2.01276,0.0485603
2.11305,1.97117,0.0335865
2.06035,1.97685,0.0479219
1.97157,1.9773,0.0499675
2.01967,1.97843,0.0630903
1.97891,1.98039,0.0822084
1.94944,2.00985,0.13545
1.92278,1.9667,0.0659648
1.84627,1.95474,0.0653479
1.93012,1.96981,0.0983688
1.8609,1.96055,0.125884
1.73543,1.9429,0.14908
1.86439,2.00378,0.154317
1.74281,1.9906,0.180999
1.86724,2.07349,0.204256
1.87172,2.02259,0.180898
1.74917,2.07016,0.25048
1.74989,2.02243,0.218591
1.67188,2.11009,0.285331
1.64027,2.05488,0.257564
1.5977,1.97814,0.174855
1.60513,2.00935,0.204381
1.56855,2.02253,0.214378
1.71675,1.92864,0.0851231
1.57981,1.912,0.0755801
1.56251,1.92548,0.130487
1.51692,1.97896,0.181031
1.61947,2.15908,0.287513
1.55285,2.00505,0.199598
1.48378,2.04792,0.222233
1.54374,2.07833,0.244926
1.49888,2.19849,0.272772
1.45926,2.1714,0.242102
1.58326,2.10186,0.280085
1.53075,2.21203,0.28847
1.56683,2.24895,0.293711
1.59972,2.33606,0.273927
1.55917,2.3453,0.284211
1.55538,2.39667,0.271185
1.5558,2.44367,0.254369
1.52739,2.3835,0.25953
1.51932,2.33533,0.264
1.47493,2.31491,0.260959
1.45133,2.2965,0.237954
1.48717,2.37904,0.255043
1.45542,2.37317,0.234621
1.57245,2.74106,0.0639736
1.62096,2.7161,0.0595344
1.56793,2.7434,0.0880419
1.61556,2.70992,0.120768
1.57124,2.74611,0.11624
1.50408,2.74504,0.061999
1.51117,2.74459,0.0987273
1.51484,2.75047,0.118497
1.51408,2.74962,0.150937
1.61104,2.7034,0.137399
1.56639,2.73348,0.153709
1.60265,2.70534,0.157271
1.63062,2.66932,0.161406
1.45615,2.6664,0.210266
1.46049,2.71008,0.202154
1.4494,2.70954,0.153314
1.44085,2.65525,0.178616
1.4459,2.7076,0.133164
1.45879,2.73656,0.0982911
1.4664,2.73044,0.119313
1.46602,2.732,0.13542
1.47328,2.73547,0.171611
1.43433,2.71372,0.112049
1.42159,2.67184,0.140204
1.4373,2.66099,0.153741
1.43222,2.71759,0.0016831
1.36448,2.61363,0.164762
1.40475,2.63816,0.167314
1.43272,2.64325,0.17959
1.45573,2.6194,0.227083
1.40703,2.60858,0.239117
1.35891,2.54727,0.231813
1.37918,2.59132,0.228022
1.47176,2.63216,0.234193
1.42632,2.60399,0.27637
1.47105,2.61087,0.264622
1.39018,2.58358,0.273518
1.3741,2.55074,0.268189
1.44126,2.59704,0.330176
1.48593,2.60746,0.313935
1.3975,2.54222,0.306077
1.41746,2.57543,0.315448
1.51542,2.61851,0.260923
1.55236,2.59966,0.23522
1.51502,2.60805,0.278036
1.49743,2.61861,0.345497
1.52264,2.60588,0.298674
1.45642,2.60129,0.37461
1.43243,2.56768,0.361037
1.5165,2.63936,0.392572
1.54188,2.62175,0.338092
1.46777,2.61638,0.405783
1.44786,2.57078,0.393626
1.49011,2.65619,0.483467
1.46664,2.61709,0.454329
1.44886,2.58713,0.521563
1.50716,2.66487,0.446663
1.55691,2.64686,0.388798
1.53891,2.67074,0.467086
1.52228,2.67663,0.486381
1.49668,2.68695,0.54954
1.46303,2.67273,0.610892
1.46446,2.64647,0.54872
1.44212,2.63534,0.642411
1.44724,2.61419,0.591947
1.44244,2.57621,0.449591
1.41688,2.53725,0.33938
1.4315,2.53911,0.400296
1.43049,2.54732,0.443971
1.43783,2.48142,0.474916
1.4325,2.53185,0.534664
1.45812,2.56236,0.641705
1.46708,2.50187,0.60327
1.48862,2.42702,0.542112
1.43543,2.47087,0.406987
1.34367,2.54734,0.190946
1.38735,2.47273,0.215278
1.40683,2.47133,0.244253
1.46303,2.43606,0.257102
1.41401,2.47931,0.284155
1.42926,2.48318,0.324639
1.48779,2.40577,0.406364
1.47792,2.40921,0.482828
1.57261,2.53436,0.229882
1.5603,2.54753,0.240443
1.55617,2.51098,0.239897
1.48719,2.65622,0.609063
1.4833,2.61533,0.604795
1.49622,2.61988,0.568133
1.48741,2.63499,0.59884
1.48403,2.60828,0.573119
1.50867,2.65883,0.552537
1.50861,2.63877,0.554473
1.5094,2.61916,0.519869
1.54271,2.58186,0.301465
1.53938,2.53864,0.273191
1.58948,2.57643,0.371968
1.55519,2.63788,0.462506
1.52992,2.65021,0.505221
1.51784,2.64216,0.505719
1.55226,2.59233,0.410072
1.58453,2.61632,0.408498
1.54896,2.56112,0.380639
1.54294,2.62588,0.463383
1.57777,2.53026,0.355905
1.51491,2.60939,0.460183
1.51975,2.58545,0.422101
1.54954,2.53439,0.354851
1.50865,2.55719,0.380083
1.48906,2.52226,0.354622
1.48814,2.53025,0.394335
1.48716,2.55047,0.43701
1.48967,2.56883,0.500037
1.48879,2.58867,0.538608
1.4797,2.50724,0.408485
1.47444,2.51268,0.464609
1.47715,2.53818,0.518978
1.48025,2.56211,0.557241
1.48222,2.46055,0.469828
1.48493,2.49092,0.531705
1.47589,2.52315,0.573031
1.47121,2.57087,0.604668
1.47088,2.58838,0.619232
1.47881,2.62098,0.62025
1.52396,2.44215,0.237671
1.54411,2.47458,0.238989
1.54554,2.50944,0.349037
1.578,2.51315,0.345444
1.52964,2.48863,0.342707
1.49173,2.46278,0.409075
1.76911,2.49723,0.270404
1.46638,2.62254,0.636076
1.44794,2.42336,0.209341
1.34572,2.64027,0.104979
-1.66781,0.827741,0.291157
-1.79851,0.9058,-0.281508
-1.78748,1.09099,-0.343729
1.51407,2.74962,-0.146699
2.19529,2.04589,0.137671
-1.90016,1.68762,-0.147074
-1.90761,1.70005,0.00213184
-1.90416,1.80917,0.00213183
-1.91407,1.89284,0.00213187
-1.90015,1.68762,0.151338
-1.97178,1.18361,0.0456798
-1.96232,1.36022,0.0363257
-1.97261,1.26827,0.0412144
0.588417,0.215459,-0.469025
0.614866,0.221521,-0.429374
0.63573,0.212003,-0.389727
-1.61505,0.19252,-0.53166
-1.5859,0.198581,-0.492009
-1.56291,0.189064,-0.452363
0.588421,0.215459,0.47327
0.526712,0.218281,0.471666
0.61487,0.221521,0.433619
0.635732,0.212003,0.393973
0.622565,0.209606,0.354895
-1.61504,0.19252,0.535922
-1.68305,0.195336,0.534322
-1.58589,0.198581,0.496271
-1.5629,0.189064,0.456624
-1.57741,0.186666,0.417551
2.24671,2.0535,0.00253658
2.25808,2.04816,-0.0334041
2.24965,2.0381,-0.0544351
2.19626,2.0255,-0.0907754
2.15989,2.02235,-0.0983701
2.11528,2.02315,-0.105392
2.25809,2.04816,0.0376369
2.24966,2.0381,0.0586681
2.19627,2.0255,0.0950088
2.1599,2.02235,0.102604
2.11529,2.02315,0.109626
1.57318,2.74302,-0.205481
1.60126,2.71922,-0.212419
1.61718,2.6832,-0.216272
1.61677,2.63618,-0.23293
1.50703,2.64818,-0.269734
1.55996,2.6301,-0.252454
1.46751,2.72201,-0.237435
1.47531,2.68677,-0.249157
1.48817,2.74012,-0.215911
1.5206,2.76016,0.218963
1.57319,2.74302,0.209719
1.60127,2.71922,0.216657
1.61719,2.6832,0.22051
1.61678,2.63618,0.237168
1.55997,2.6301,0.256692
1.50704,2.64818,0.273971
1.47532,2.68677,0.253394
1.46752,2.72201,0.241673
1.48818,2.74012,0.220148
1.52059,2.76016,-0.214725
-1.99061,1.3572,0.0398126
-1.98569,1.22002,0.0448687
-1.98759,1.09988,0.0511238
-1.95795,1.10056,0.0366299
-1.99199,1.00056,0.046632
-1.94612,1.05561,0.027342
-2.0272,0.916666,0.0380716
-1.92068,0.979962,-0.0438755
-1.96525,0.901485,-0.0486626
-2.05663,0.831783,0.00989508
-2.02935,0.815712,-0.0481642
-2.00748,1.36434,0.0304587
-2.01936,1.25106,0.0458784
-2.03585,1.17063,0.0533898
-2.05407,1.04718,0.0675135
-2.06704,0.947823,0.0678793
-2.11169,0.871523,0.0595835
-2.1522,0.793689,0.0550961
-2.02498,1.37284,0.0266282
-2.06129,1.25902,0.0425019
-2.08282,1.17839,0.0642031
-2.09371,1.08767,0.0745313
-2.11326,0.980297,0.0700836
-2.17298,0.863641,0.0752413
-2.19644,0.755642,0.0705027
-2.05919,1.3259,0.0364628
-2.0953,1.24027,0.0458962
-2.11805,1.14338,0.0622195
-2.16194,1.06158,0.0553607
-2.18612,0.898796,0.0687791
-2.23621,0.770158,0.0804695
-2.07519,1.35791,0.0185968
-2.13613,1.18551,0.0508644
-2.20529,1.06198,0.0329412
-2.20596,0.953888,0.0513098
-2.24148,0.834539,0.0684002
-2.28363,0.756251,0.0872009
-2.09407,1.35861,-0.00421956
-2.15453,1.2172,0.0093312
-2.20802,1.08902,0.0118616
-2.2521,0.920757,0.0272329
-2.29191,0.795796,0.059809
-2.30147,0.714955,0.0857551
-2.07052,1.36587,-0.0619218
-2.12379,1.21678,-0.0723512
-2.2003,1.09153,-0.0437246
-2.21634,0.969422,-0.0620579
-2.251,0.857135,-0.0170818
-2.2756,0.73581,0.0222342
-2.06552,1.338,-0.0697903
-2.09973,1.17884,-0.0964549
-2.15429,1.01558,-0.115634
-2.19396,0.867727,-0.0925797
-2.22533,0.810276,-0.0418952
-2.25991,0.744688,0.0131622
-2.04925,1.26865,-0.0847823
-2.06876,1.12592,-0.125336
-2.10561,0.996823,-0.12378
-2.13717,0.876134,-0.102948
-2.18243,0.806164,-0.0598717
-2.24657,0.737719,0.0131842
-1.99149,1.28173,-0.0637074
-2.00697,1.13977,-0.103883
-2.02578,1.05702,-0.116803
-2.10497,0.912271,-0.119244
-2.09511,0.831453,-0.0793778
-2.13803,0.763767,-0.0160816
-2.18981,0.741968,0.00976332
-1.91514,1.2675,-0.0136888
1.58,2.75634,-0.260966
1.60801,2.73231,-0.263937
1.54371,2.77247,-0.258563
1.60294,2.77749,-0.312237
1.6314,2.75229,-0.303054
1.57876,2.78594,-0.314846
1.62662,2.79142,-0.331694
1.65102,2.76662,-0.326523
1.60621,2.7967,-0.342829
1.6625,2.79744,-0.352196
1.6748,2.78015,-0.341872
1.61582,2.70102,-0.275279
1.63518,2.72046,-0.310368
1.65083,2.73083,-0.333968
1.68276,2.73608,-0.34632
1.71894,2.74884,-0.354061
1.71095,2.78486,-0.350389
1.64615,2.80217,-0.359333
1.70661,2.80608,-0.36036
1.74308,2.75209,-0.353841
1.75127,2.78629,-0.350548
1.70229,2.8157,-0.375594
1.74285,2.80309,-0.36491
1.78359,2.75883,-0.345964
1.78358,2.78982,-0.346956
1.77938,2.80608,-0.357324
1.77481,2.81557,-0.376503
1.90472,2.81976,-0.339391
1.6158,2.66052,-0.275208
1.63075,2.68994,-0.329322
1.56287,2.65481,-0.29877
1.58995,2.67595,-0.349983
1.65877,2.71116,-0.340202
1.61757,2.6946,-0.377208
1.68669,2.71996,-0.347969
1.66594,2.7103,-0.372822
1.72276,2.72918,-0.360197
1.7221,2.72777,-0.388545
1.75443,2.73561,-0.384169
1.7468,2.73377,-0.363927
1.79897,2.74663,-0.380096
1.78721,2.74089,-0.360154
1.64093,2.7262,-0.411212
1.71344,2.73011,-0.412517
1.75802,2.74531,-0.407506
1.57696,2.71625,-0.390436
1.53737,2.70116,-0.358606
1.50651,2.66647,-0.292352
1.81078,2.75538,-0.391597
1.74559,2.76939,-0.417045
1.7984,2.7759,-0.405328
1.69292,2.76429,-0.42899
1.62456,2.75944,-0.419737
1.57282,2.74474,-0.391574
1.52937,2.72929,-0.355701
1.48267,2.69382,-0.281018
1.52534,2.7653,-0.352121
1.57273,2.77759,-0.396528
1.62465,2.7915,-0.416638
1.69695,2.79713,-0.434041
1.48258,2.73077,-0.285576
1.75347,2.7933,-0.426915
1.80226,2.8032,-0.410772
1.69335,2.81525,-0.411948
1.62535,2.8049,-0.386972
1.57766,2.79865,-0.362229
1.54206,2.78752,-0.330107
1.49914,2.76561,-0.27047
1.73855,2.81596,-0.379611
1.74572,2.81516,-0.41239
1.78641,2.81741,-0.396838
1.54372,2.77247,0.262801
1.58001,2.75634,0.265204
1.57877,2.78594,0.319084
1.60802,2.73231,0.268175
1.60295,2.77749,0.316474
1.60622,2.7967,0.347067
1.65103,2.76662,0.330761
1.63141,2.75229,0.307292
1.62663,2.79142,0.335932
1.64616,2.80217,0.363571
1.67481,2.78015,0.34611
1.61583,2.70102,0.279517
1.63519,2.72046,0.314605
1.65084,2.73083,0.338206
1.68277,2.73608,0.350558
1.71096,2.78486,0.354627
1.66251,2.79744,0.356434
1.70662,2.80608,0.364598
1.7023,2.8157,0.379832
1.71895,2.74884,0.358299
1.75128,2.78629,0.354784
1.74286,2.80309,0.369146
1.73856,2.81596,0.383847
1.74309,2.75209,0.358077
1.78359,2.78982,0.351192
1.77939,2.80608,0.36156
1.77482,2.81557,0.380739
1.90473,2.81976,0.343627
1.7836,2.75883,0.3502
1.61581,2.66052,0.279446
1.56288,2.65481,0.303008
1.63076,2.68994,0.33356
1.58996,2.67595,0.354221
1.65878,2.71116,0.344439
1.61758,2.6946,0.381445
1.6867,2.71996,0.352206
1.66595,2.7103,0.377059
1.72277,2.72918,0.364435
1.72211,2.72777,0.392783
1.74681,2.73377,0.368163
1.75444,2.73561,0.388405
1.78722,2.74089,0.36439
1.71345,2.73011,0.416754
1.75803,2.74531,0.411741
1.79898,2.74663,0.384332
1.81079,2.75538,0.395833
1.57697,2.71625,0.394674
1.53738,2.70116,0.362843
1.50652,2.66647,0.296589
1.79841,2.7759,0.409564
1.7456,2.76939,0.421281
1.69293,2.76429,0.433228
1.62457,2.75944,0.423975
1.64094,2.7262,0.41545
1.57283,2.74474,0.395811
1.52938,2.72929,0.359938
1.48268,2.69382,0.285256
1.57274,2.77759,0.400766
1.52535,2.7653,0.356359
1.62466,2.7915,0.420876
1.69696,2.79713,0.438279
1.48259,2.73077,0.289814
1.75348,2.7933,0.43115
1.80227,2.8032,0.415008
1.62536,2.8049,0.391209
1.69336,2.81525,0.416186
1.57767,2.79865,0.366467
1.54207,2.78752,0.334345
1.49915,2.76561,0.274707
1.74573,2.81516,0.416626
1.78642,2.81741,0.401074
-0.82271,0.85073,-0.318447
-0.882391,0.873634,-0.300859
-0.870983,0.907832,-0.350164
-0.948345,0.870624,-0.314793
-0.822035,0.828654,-0.299894
-0.900099,0.857417,-0.243809
-0.770218,0.821023,-0.336666
-0.700019,0.81621,-0.336641
-0.772546,0.812815,-0.217726
-0.830459,0.822681,-0.206389
-0.917013,0.850139,-0.211326
-0.95773,0.856592,-0.249372
-0.952895,0.84574,-0.152517
-0.961795,0.855045,-0.196413
-0.770403,0.799745,-0.16214
-0.57262,0.787716,-0.168912
-0.575502,0.782982,0.00212692
-0.763124,0.798445,0.00212761
-0.956958,0.843373,0.00212833
-1.72559,0.859387,-0.279349
-1.12737,1.15336,-0.413723
-0.944242,1.01247,-0.397939
-0.983818,1.03216,-0.392062
-0.870027,0.961382,-0.388179
-1.84737,1.46705,-0.293674
-1.66782,0.827741,-0.286896
-0.882389,0.873634,0.305115
-0.822708,0.85073,0.322703
-0.948343,0.870624,0.319049
-0.870981,0.907832,0.35442
-0.822033,0.828654,0.304149
-0.770216,0.821023,0.340922
-0.700017,0.81621,0.340894
-0.590357,0.81446,0.356182
-0.641477,0.823748,0.363186
-0.581099,0.805167,0.250669
-0.772544,0.812815,0.221982
-0.900097,0.857417,0.248065
-0.917011,0.850139,0.215582
-0.830457,0.822681,0.210645
-0.957728,0.856592,0.253628
-0.961793,0.855045,0.200669
-0.952893,0.84574,0.156773
-0.770401,0.799745,0.166396
-0.572618,0.787716,0.173166
-1.27617,1.10566,-0.42588
-1.2373,1.11952,-0.424003
-1.37216,1.01484,-0.424028
-1.29468,1.0188,-0.419933
-1.24188,1.02447,-0.412635
-1.12494,1.04116,-0.401081
-1.09514,1.03759,-0.393468
-1.40749,0.918606,-0.388966
-1.32204,0.923838,-0.385457
-1.24532,0.914537,-0.363444
-1.12531,0.953897,-0.370722
-1.12589,0.919902,-0.340139
-1.08507,0.979759,-0.381099
-1.04355,0.982325,-0.367482
-1.02595,0.91775,-0.32218
-1.07335,0.922476,-0.345309
-0.994203,0.872999,-0.265285
-1.04773,0.900894,-0.264831
-1.01146,0.874242,-0.219044
-1.03652,0.85549,-0.155747
-1.05142,0.848768,0.00212868
-1.13508,0.830444,0.00212899
-1.11932,0.82522,-0.1771
-1.11216,0.868146,-0.265152
-1.44766,0.845079,-0.315995
-1.34105,0.830109,-0.289735
-1.23981,0.83784,-0.287391
-1.17183,0.796686,-0.174888
-1.19514,0.79673,-0.213392
-1.23534,0.804052,-0.242623
-1.27904,0.780473,-0.219554
-1.30116,0.777246,-0.194375
-1.36332,0.777079,-0.205311
-1.4201,0.768677,-0.215679
-1.4291,0.784361,-0.249335
-1.46478,0.795227,-0.266465
-1.50864,0.790387,-0.259866
-1.53189,0.78757,-0.249162
-1.53605,0.774544,-0.222145
-1.52505,0.769581,-0.195084
-1.6166,0.818123,0.00213077
-1.49403,0.763498,-0.176368
-1.51288,0.786402,0.00213038
-1.44542,0.761382,-0.188062
-1.37673,0.77931,0.00212988
-1.28818,0.764296,-0.157646
-1.25098,0.772649,-0.133349
-1.26429,0.792322,0.00212947
-1.19967,0.777722,-0.14962
-1.71744,0.850373,-0.188224
-1.80294,0.898355,-0.191662
-1.85902,0.949031,-0.177005
-1.91006,1.01876,-0.164508
-1.8995,1.01676,-0.248359
-1.94608,1.10068,-0.145011
-1.94238,1.09286,-0.220747
-1.96677,1.18219,-0.139082
-1.95855,1.17792,-0.202713
-1.9624,1.28164,-0.143653
-1.95763,1.27966,-0.194598
-1.93596,1.44879,-0.147078
-1.92686,1.45055,-0.185852
-1.91552,1.57676,-0.149882
-1.89765,1.57415,-0.190599
-1.92146,1.5802,0.00213189
-1.96107,1.28551,0.00213204
-1.96336,1.19469,0.00213205
-1.95092,1.09964,0.002132
-1.89429,1.00082,0.00213179
-1.84826,0.94449,0.00213162
-1.78361,0.893854,0.00213138
-1.71276,0.857518,0.00213112
-1.63846,0.815328,-0.192959
-1.94522,1.4462,0.00213198
-1.89635,1.46327,-0.245092
-1.9154,1.28058,-0.284144
-1.90665,1.16911,-0.295517
-1.88129,1.0828,-0.303033
-1.85732,1.28521,-0.31884
-1.82081,1.17603,-0.335622
-1.19405,0.724697,-0.191343
-1.21058,0.724728,-0.218651
-1.23909,0.729921,-0.239378
-1.27008,0.713201,-0.223019
-1.28576,0.710913,-0.205166
-1.27656,0.701727,-0.179118
-1.25018,0.707651,-0.161887
-1.21379,0.711248,-0.173428
-1.44336,0.704835,-0.220272
-1.44974,0.715956,-0.244138
-1.47505,0.723661,-0.256287
-1.50614,0.720227,-0.251605
-1.52263,0.718231,-0.244018
-1.52558,0.708996,-0.224856
-1.51779,0.705474,-0.205667
-1.49578,0.701163,-0.192391
-1.46132,0.699659,-0.200687
-1.25228,0.666687,-0.160406
-1.21678,0.6702,-0.171665
-1.27801,0.660912,-0.177214
-1.28698,0.669869,-0.202622
-1.27168,0.6721,-0.220039
-1.24146,0.68841,-0.235997
-1.21364,0.683345,-0.215777
-1.19752,0.683314,-0.189139
-1.46707,0.658893,-0.198254
-1.44955,0.66394,-0.217359
-1.50069,0.660357,-0.190165
-1.52215,0.664566,-0.203111
-1.52976,0.668,-0.221827
-1.52688,0.67701,-0.240518
-1.5108,0.678959,-0.247925
-1.48046,0.682309,-0.252491
-1.45578,0.674789,-0.240638
-1.2448,0.648768,-0.196606
-1.48927,0.64369,-0.222966
-1.27616,1.10566,0.43014
-1.23729,1.11952,0.428261
-1.37215,1.01484,0.428288
-1.29467,1.0188,0.424193
-1.24187,1.02447,0.416892
-1.09513,1.03759,0.397726
-1.12493,1.04116,0.405339
-1.40748,0.918606,0.393226
-1.32203,0.923838,0.389717
-1.1253,0.953897,0.37498
-1.24531,0.914537,0.367702
-1.08506,0.979759,0.385357
-1.02594,0.91775,0.326438
-1.04354,0.982325,0.37174
-1.07334,0.922476,0.349567
-1.12588,0.919902,0.344397
-0.994201,0.872999,0.269542
-1.04772,0.900894,0.269088
-1.01145,0.874242,0.223301
-1.03651,0.85549,0.160005
-1.11215,0.868146,0.26941
-1.11931,0.82522,0.181358
-1.44765,0.845079,0.320254
-1.34104,0.830109,0.293995
-1.2398,0.83784,0.291649
-1.17182,0.796686,0.179145
-1.23533,0.804052,0.24688
-1.19513,0.79673,0.21765
-1.27903,0.780473,0.223814
-1.30115,0.777246,0.198635
-1.42909,0.784361,0.253595
-1.42009,0.768677,0.219939
-1.36331,0.777079,0.209571
-1.46477,0.795227,0.270725
-1.50863,0.790387,0.264126
-1.53188,0.78757,0.253424
-1.52504,0.769581,0.199345
-1.53604,0.774544,0.226407
-1.63845,0.815328,0.197221
-1.49402,0.763498,0.180627
-1.44541,0.761382,0.192322
-1.28817,0.764296,0.161906
-1.25097,0.772649,0.137609
-1.19966,0.777722,0.153878
-1.80293,0.898355,0.195926
-1.71743,0.850373,0.192486
-1.85901,0.949031,0.181269
-1.91005,1.01876,0.168772
-1.94607,1.10068,0.149275
-1.89949,1.01676,0.252623
-1.96676,1.18219,0.143346
-1.94237,1.09286,0.22501
-1.96239,1.28164,0.147917
-1.95854,1.17792,0.206977
-1.93595,1.44879,0.151342
-1.95762,1.27966,0.198861
-1.91551,1.57676,0.154146
-1.92685,1.45055,0.190116
-1.89764,1.57415,0.194863
-1.89634,1.46327,0.249356
-1.91539,1.28058,0.288408
-1.90664,1.16911,0.299781
-1.88128,1.0828,0.307297
-1.85731,1.28521,0.323104
-1.8208,1.17603,0.339886
-1.21057,0.724728,0.222909
-1.19404,0.724697,0.195601
-1.23908,0.729921,0.243636
-1.27007,0.713201,0.227278
-1.28575,0.710913,0.209426
-1.27655,0.701727,0.183378
-1.25017,0.707651,0.166147
-1.21378,0.711248,0.177686
-1.44973,0.715956,0.248398
-1.44335,0.704835,0.224532
-1.47504,0.723661,0.260546
-1.50613,0.720227,0.255865
-1.52262,0.718231,0.24828
-1.52557,0.708996,0.229118
-1.51778,0.705474,0.209928
-1.49577,0.701163,0.196651
-1.46131,0.699659,0.204947
-1.21677,0.6702,0.175923
-1.25227,0.666687,0.164666
-1.278,0.660912,0.181474
-1.28697,0.669869,0.206882
-1.27167,0.6721,0.224299
-1.24145,0.68841,0.240255
-1.21363,0.683345,0.220035
-1.19751,0.683314,0.193397
-1.44954,0.66394,0.221618
-1.46706,0.658893,0.202514
-1.50068,0.660357,0.194425
-1.52214,0.664566,0.207372
-1.52975,0.668,0.226089
-1.52687,0.67701,0.24478
-1.51079,0.678959,0.252184
-1.48045,0.682309,0.256751
-1.45577,0.674789,0.244898
-1.24479,0.648768,0.200864
