Points_0,Points_1,Points_2
0.605538,0.183122,-0.472278
0.649223,0.1297,-0.494875
0.601082,0.105512,-0.533343
0.691245,0.0569483,-0.524762
0.652035,0.0379582,-0.542332
0.551138,0.035353,-0.528984
0.531619,0.0862931,-0.518267
0.50737,0.153473,-0.480014
0.553695,0.167654,-0.487671
0.489856,0.196293,-0.459547
0.526708,0.218281,-0.46742
0.628928,0.180988,-0.437145
0.480463,0.124842,-0.462924
0.504377,0.066104,-0.487561
0.456951,0.221023,-0.409198
0.470214,0.17237,-0.445199
0.466203,0.150109,-0.379214
0.574705,0.0229441,-0.40214
0.469174,0.102158,-0.387329
0.510774,0.0400168,-0.40009
0.508936,0.149267,-0.301834
0.496042,0.222658,-0.319061
0.454575,0.204404,-0.365716
0.514049,0.0891451,-0.307022
0.541124,0.0500849,-0.301199
0.5957,0.0385092,-0.30689
0.627165,0.0234026,-0.41067
0.647535,0.0403254,-0.320944
0.66388,0.13171,-0.457855
0.710429,0.0770625,-0.498851
0.684065,0.125508,-0.420276
0.733973,0.0561901,-0.447249
0.644123,0.183809,-0.391095
0.676281,0.128527,-0.351192
0.706459,0.0674132,-0.350672
0.643921,0.173649,-0.361089
0.566021,0.179392,-0.295398
0.539074,0.263199,-0.314758
0.587515,0.120549,-0.29631
0.622563,0.209606,-0.350649
-1.59618,0.160182,-0.534918
-1.54804,0.10676,-0.557514
-1.60109,0.0825683,-0.595979
-1.50173,0.0340085,-0.587402
-1.54493,0.015014,-0.604971
-1.65613,0.0124087,-0.591624
-1.67765,0.0633488,-0.580908
-1.70437,0.130528,-0.54265
-1.65332,0.144709,-0.550311
-1.72367,0.173349,-0.522187
-1.68306,0.195336,-0.53006
-1.5704,0.158048,-0.499785
-1.73402,0.101902,-0.525564
-1.70767,0.0431597,-0.550201
-1.75993,0.198078,-0.471833
-1.74532,0.14943,-0.507839
-1.74974,0.127169,-0.441854
-1.63016,0,-0.46478
-1.74647,0.0792137,-0.449969
-1.70062,0.0170769,-0.462731
-1.70264,0.126327,-0.364474
-1.71685,0.199714,-0.381701
-1.76255,0.18146,-0.428352
-1.69701,0.0662054,-0.369662
-1.66717,0.0271406,-0.363839
-1.60703,0.0155649,-0.369526
-1.57235,0.000458356,-0.473306
-1.5499,0.0173855,-0.383583
-1.53188,0.108766,-0.52049
-1.48058,0.0541182,-0.561491
-1.50964,0.102568,-0.482916
-1.45464,0.0332504,-0.509889
-1.55366,0.160869,-0.453734
-1.51822,0.105583,-0.413832
-1.48496,0.044469,-0.413312
-1.55388,0.150709,-0.423723
-1.63974,0.156453,-0.358034
-1.66943,0.240259,-0.377394
-1.61605,0.0976043,-0.35895
-1.57742,0.186666,-0.413289
0.649227,0.1297,0.499118
0.605542,0.183122,0.476524
0.553699,0.167654,0.491917
0.691249,0.0569483,0.529006
0.601086,0.105512,0.537589
0.531623,0.0862931,0.522513
0.551142,0.035353,0.533229
0.652039,0.0379582,0.546576
0.507374,0.153473,0.48426
0.48986,0.196293,0.463793
0.663884,0.13171,0.462099
0.470218,0.17237,0.449445
0.480467,0.124842,0.46717
0.504381,0.066104,0.491807
0.510777,0.0400168,0.404336
0.466205,0.150109,0.38346
0.469177,0.102158,0.391575
0.496044,0.222658,0.323306
0.508938,0.149267,0.30608
0.514051,0.0891451,0.311268
0.574708,0.0229441,0.406386
0.541126,0.0500849,0.305445
0.627168,0.0234026,0.414916
0.595702,0.0385092,0.311136
0.710433,0.0770625,0.503095
0.684068,0.125508,0.42452
0.628932,0.180988,0.441391
0.676283,0.128527,0.355436
0.733977,0.0561901,0.451493
0.644126,0.183809,0.395339
0.566023,0.179392,0.299644
0.587517,0.120549,0.300556
0.643923,0.173649,0.365332
0.647537,0.0403254,0.325188
0.706461,0.0674132,0.354916
-1.54803,0.10676,0.561775
-1.59617,0.160182,0.53918
-1.65331,0.144709,0.554573
-1.50172,0.0340085,0.591662
-1.60108,0.0825683,0.600241
-1.67764,0.0633488,0.585169
-1.65612,0.0124087,0.595886
-1.54492,0.015014,0.609233
-1.70436,0.130528,0.546911
-1.72366,0.173349,0.526449
-1.53187,0.108766,0.524752
-1.74531,0.14943,0.512101
-1.73401,0.101902,0.529826
-1.70766,0.0431597,0.554462
-1.70061,0.0170769,0.466992
-1.74973,0.127169,0.446116
-1.74646,0.0792137,0.454231
-1.71684,0.199714,0.385963
-1.70263,0.126327,0.368736
-1.697,0.0662054,0.373924
-1.63015,0,0.469042
-1.66716,0.0271406,0.368101
-1.57234,0.000458356,0.477568
-1.60702,0.0155649,0.373787
-1.48057,0.0541182,0.565751
-1.50963,0.102568,0.487176
-1.57039,0.158048,0.504047
-1.51821,0.105583,0.418092
-1.45463,0.0332504,0.514149
-1.55365,0.160869,0.457996
-1.63973,0.156453,0.362295
-1.61604,0.0976043,0.363212
-1.55387,0.150709,0.427985
-1.54989,0.0173855,0.387845
-1.48495,0.044469,0.417572
0.454577,0.204404,0.369962
-1.76254,0.18146,0.432614
1.84195,2.46396,-0.258957
1.8418,2.44429,-0.264842
1.8295,2.44864,-0.26828
1.86318,2.44713,-0.212434
1.84994,2.4514,-0.256211
1.85457,2.42902,-0.23424
1.82981,2.42307,-0.254496
1.79736,2.43626,-0.264586
1.78509,2.46143,-0.273988
1.81729,2.46141,-0.274738
1.80134,2.48559,-0.272027
1.8505,2.48169,-0.233042
1.82946,2.46513,-0.270674
2.25726,2.12461,-0.070485
2.28528,2.11337,-0.0803594
2.26443,2.09603,-0.109937
2.23169,2.10643,-0.13241
2.23292,2.14189,-0.0803724
2.20327,2.14362,-0.140274
2.19946,2.1674,-0.1339
2.2165,2.15902,-0.0904537
2.20782,2.19458,-0.123333
2.23614,2.1814,-0.113146
2.27295,2.14698,-0.0929268
2.23694,2.12935,-0.0776923
2.30231,2.14627,-0.0451959
1.83393,2.49193,-0.256065
1.84995,2.4514,0.260446
1.82947,2.46513,0.274909
1.8173,2.46141,0.278974
1.86319,2.44713,0.216669
1.85051,2.48169,0.237277
1.85458,2.42902,0.238476
1.82982,2.42307,0.258731
1.84181,2.44429,0.269077
1.82951,2.44864,0.272516
1.79737,2.43626,0.268822
1.80135,2.48559,0.276263
1.7851,2.46143,0.278224
1.84196,2.46396,0.263193
1.83394,2.49193,0.260301
2.26444,2.09603,0.114171
2.25727,2.12461,0.0747181
2.23695,2.12935,0.0819253
2.20328,2.14362,0.144508
2.23293,2.14189,0.0846054
2.21651,2.15902,0.0946869
2.20783,2.19458,0.127567
2.19947,2.1674,0.138133
2.23615,2.1814,0.11738
2.27296,2.14698,0.0971596
2.2317,2.10643,0.136644
0.668827,1.21893,-0.38685
0.720807,1.2603,-0.368644
0.719458,1.17347,-0.35277
0.777596,1.28243,-0.328698
0.769318,1.18236,-0.323836
0.820999,1.26462,-0.278692
0.834937,1.193,-0.243485
0.766563,1.12818,-0.30936
0.710272,1.11127,-0.333498
0.619266,1.10488,-0.36014
0.641011,1.16565,-0.378222
0.696086,1.07703,-0.321958
0.609581,1.07003,-0.343446
0.680437,1.0328,-0.294923
0.595559,1.01689,-0.315706
0.660931,0.971349,-0.247981
0.754383,1.04123,-0.274628
0.741388,0.985688,-0.235859
0.782062,1.01467,-0.233782
0.812319,1.05858,-0.227206
0.765095,1.09244,-0.296774
0.835369,1.11467,-0.237688
0.853204,1.23733,-0.232606
0.917982,1.19301,-0.170324
0.874024,1.11837,-0.2058
0.913441,1.11668,-0.175216
0.894209,1.04965,-0.191099
0.866504,1.0129,-0.202238
0.832182,0.968263,-0.208652
0.76707,0.938914,-0.210913
0.726066,0.937217,-0.215714
0.649969,0.945244,-0.232068
0.575,0.953765,-0.286608
0.963144,1.18808,-0.123396
0.949333,1.11506,-0.135434
0.9336,1.02924,-0.14425
0.903298,0.982911,-0.15437
0.857798,0.933029,-0.157619
0.780268,0.900903,-0.168168
0.714741,0.900929,-0.169781
0.647249,0.904658,-0.187928
0.561158,0.905893,-0.242893
0.9679,1.18021,0.00212122
0.950642,1.10528,0.00212128
0.934985,1.02157,0.00212134
0.901986,0.972208,0.00212146
0.851552,0.929309,0.00212165
0.775407,0.89042,0.00212193
0.693398,0.887105,0.00212223
0.613603,0.899567,0.00212253
0.504841,0.91232,0.00212293
0.928297,1.38586,-0.227969
0.864436,1.45062,-0.288527
0.908182,1.50137,-0.252618
0.974732,1.42097,-0.186969
0.941389,1.32181,-0.187952
0.903818,1.35305,-0.24147
0.843247,1.37512,-0.294535
0.825279,1.33367,-0.292992
0.812469,1.3612,-0.352947
0.977673,1.29096,-0.148901
1.00087,1.2648,-0.113257
1.00962,1.25555,0.00212106
1.02812,1.29864,-0.114518
1.0328,1.29295,0.00212098
1.00415,1.33449,-0.141993
-0.761904,0.92178,-0.39424
-0.577606,0.890901,-0.403666
-0.641479,0.823748,-0.358932
-0.590359,0.81446,-0.351928
-0.528116,0.831299,-0.360846
-0.369486,0.905434,-0.379211
-0.376301,0.859039,-0.350624
-0.383204,0.823412,-0.243371
-0.581101,0.805167,-0.246416
-0.391372,0.806882,-0.166846
-0.125792,0.931032,-0.294272
-0.130015,0.884055,-0.175063
-0.144865,0.865792,0.00212533
-0.410084,0.797317,0.00212631
0.415744,0.379789,-0.404217
0.439151,0.382628,-0.414928
0.454556,0.302969,-0.431661
0.487442,0.398405,-0.390287
0.522565,0.407389,-0.394999
0.549331,0.332949,-0.41469
0.537302,0.407305,-0.361348
0.565258,0.330502,-0.370018
0.422906,0.295855,-0.432693
0.423131,0.270795,-0.426676
0.452802,0.241309,-0.421871
0.417255,0.229288,-0.429479
0.589983,0.275591,-0.373294
0.580263,0.266514,-0.415338
0.473031,0.312879,-0.437352
0.465269,0.397135,-0.396066
0.411715,0.22212,-0.354026
0.42612,0.230482,-0.306753
0.441183,0.289591,-0.309786
0.423727,0.393798,-0.322697
0.408021,0.371273,-0.361215
0.410295,0.277892,-0.36491
0.531368,0.261463,-0.422925
0.501032,0.32676,-0.4167
0.495203,0.250715,-0.436193
0.476055,0.244126,-0.432574
0.540506,0.347941,-0.334004
0.572395,0.271623,-0.342878
0.477083,0.302537,-0.293216
0.515949,0.335162,-0.30782
0.488918,0.402297,-0.307326
0.46995,0.406,-0.309976
0.527855,0.40034,-0.338403
-1.54697,0.845956,-0.328292
-1.59236,0.813428,-0.404103
-1.52624,0.924482,-0.433412
-1.62813,0.763859,-0.440734
-1.56059,0.915066,-0.475845
-1.66896,0.772539,-0.475492
-1.60357,0.921356,-0.490317
-1.71593,0.780301,-0.486301
-1.64433,0.943423,-0.495461
-1.76668,0.794667,-0.477396
-1.69198,0.968232,-0.478763
-1.88037,0.827234,-0.395964
-1.8839,0.826503,-0.333973
-1.83485,0.948188,-0.294472
-1.81223,1.00124,-0.317275
-1.80512,1.00153,-0.388431
-1.82548,0.948568,-0.389343
-1.73577,0.476367,-0.464428
-1.74253,0.598564,-0.459654
-1.69432,0.606926,-0.454139
-1.73886,0.673118,-0.472534
-1.68529,0.673299,-0.466671
-1.75559,0.676129,-0.470141
-1.77503,0.472986,-0.449096
-1.78837,0.587151,-0.439508
-1.80852,0.688242,-0.441029
-1.82195,0.804586,-0.427932
-1.81724,0.468763,-0.418935
-1.83579,0.5869,-0.416793
-1.86338,0.687541,-0.408691
-1.69884,0.477425,-0.459323
-1.66744,0.602293,-0.43175
-1.65078,0.678452,-0.431116
-1.61673,0.743308,-0.384954
-1.65585,0.658712,-0.376239
-1.67764,0.584436,-0.387691
-1.68469,0.496424,-0.394938
-1.67421,0.491416,-0.429489
-1.64837,0.731001,-0.34019
-1.68195,0.652753,-0.354137
-1.71738,0.652078,-0.33572
-1.72763,0.574553,-0.363738
-1.69325,0.742286,-0.315041
-1.75716,0.78757,-0.306754
-1.77581,0.661075,-0.333198
-1.76812,0.573803,-0.359594
-1.77018,0.476768,-0.375318
-1.72267,0.488582,-0.371959
-1.83221,0.797361,-0.305126
-1.85047,0.690416,-0.339012
-1.8138,0.576973,-0.36267
-1.79546,0.479611,-0.377697
-1.86857,0.686409,-0.370208
-1.84579,0.564648,-0.379527
-1.82815,0.470733,-0.396709
-1.81494,0.927047,-0.404133
0.509385,0.517291,-0.392288
0.533445,0.624065,-0.391587
0.550725,0.635517,-0.355498
0.545686,0.698743,-0.399473
0.560938,0.699523,-0.35701
0.549429,0.829496,-0.399936
0.563323,0.83699,-0.36148
0.555798,0.907171,-0.424207
0.566294,0.914995,-0.376516
0.424256,0.507823,-0.402687
0.412257,0.601623,-0.418543
0.398407,0.495427,-0.39097
0.416497,0.675089,-0.426059
0.385099,0.598189,-0.407553
0.415227,0.805586,-0.440491
0.374563,0.683142,-0.42255
0.385768,0.877725,-0.462205
0.351675,0.797625,-0.432436
0.38825,0.491993,-0.370041
0.357557,0.600953,-0.386217
0.332426,0.681035,-0.38903
0.337909,0.878726,-0.444942
0.32335,0.806005,-0.409752
0.391578,0.507404,-0.346457
0.364156,0.603871,-0.345103
0.338941,0.686043,-0.344543
0.310967,0.88026,-0.418167
0.307996,0.801434,-0.35034
0.432508,0.524847,-0.308838
0.397794,0.616734,-0.304823
0.382723,0.687868,-0.301847
0.298272,0.90815,-0.30766
0.362154,0.844157,-0.299682
0.519594,0.517865,-0.36401
0.512144,0.886744,-0.450519
0.514242,0.827658,-0.437564
0.479992,0.514462,-0.4103
0.504046,0.684747,-0.439248
0.452247,0.507968,-0.411618
0.453921,0.905901,-0.478008
0.460058,0.828751,-0.449087
0.469041,0.673458,-0.437961
0.459802,0.583277,-0.424868
0.498637,0.597188,-0.423211
0.417018,0.902274,-0.263214
0.363539,0.89992,-0.272585
0.425446,0.862759,-0.29062
0.428682,0.691862,-0.279485
0.516667,0.526244,-0.320811
0.464383,0.511204,-0.29475
0.505475,0.652144,-0.303218
0.439847,0.620111,-0.282174
0.523672,0.902869,-0.268032
0.536341,0.832533,-0.285625
0.515759,0.714673,-0.294419
0.602189,1.059,-0.41279
0.583802,1.04782,-0.463268
0.589088,0.996277,-0.393095
0.525231,1.06186,-0.506449
0.571406,0.98165,-0.441417
0.454045,1.04411,-0.511563
0.528546,0.955603,-0.469082
0.364344,1.04678,-0.501027
0.452542,0.957251,-0.495676
0.318394,1.0376,-0.477593
0.369052,0.948321,-0.48265
0.28901,1.02966,-0.449672
0.326866,0.962726,-0.468891
0.2526,1.0381,-0.370449
0.299589,0.972786,-0.428359
0.618132,1.10611,-0.427412
0.605397,1.117,-0.467521
0.550798,1.12953,-0.514715
0.468896,1.12399,-0.527472
0.383784,1.12389,-0.515288
0.330265,1.1072,-0.501392
0.292369,1.09718,-0.481917
0.236135,1.10234,-0.401148
0.63781,1.18124,-0.444921
0.379076,1.17777,-0.520225
0.481574,1.19742,-0.529905
0.565561,1.19275,-0.510769
0.609818,1.18192,-0.488786
0.288159,1.1683,-0.497716
0.335392,1.16866,-0.520501
0.984735,2.47235,-0.0129634
0.974274,2.47723,0.00212119
1.08979,2.51719,0.00212077
0.996751,2.44695,-0.0727462
1.08386,2.51096,-0.0298071
1.00645,2.38495,-0.12895
1.0919,2.49648,-0.0632118
1.01892,2.32309,-0.147252
1.10253,2.42482,-0.127597
1.03158,2.26111,-0.165489
1.12951,2.37419,-0.147847
1.05265,2.13662,-0.201728
1.14701,2.30317,-0.174547
1.06433,2.00328,-0.218337
1.1894,2.20546,-0.198298
1.10445,1.82841,-0.218033
1.21366,2.07056,-0.213631
1.12258,1.72081,-0.203187
1.22731,1.91468,-0.197365
1.13943,1.6762,-0.179797
1.25387,1.81133,-0.170563
1.1477,1.63575,-0.154526
1.26337,1.78286,-0.157542
1.17421,1.56684,-0.111172
1.27814,1.75261,-0.133579
1.20773,1.54952,-0.0805714
1.28945,1.72041,-0.10401
1.19498,1.54079,0.00212038
1.3056,1.6834,-0.0758242
1.30123,2.62082,-0.0640237
1.18274,2.55172,-0.0431332
1.18128,2.55975,0.00212043
1.47733,1.88626,0.00211933
1.39035,1.78472,0.00211966
1.40197,1.79386,-0.0849802
1.4748,1.8797,-0.0796335
1.37288,1.81275,-0.106919
1.36063,1.85038,-0.135395
1.4679,1.89973,-0.130124
1.35513,1.89614,-0.168562
1.45161,1.95542,-0.174561
1.34357,1.97928,-0.201323
1.43989,2.06158,-0.216928
1.31033,2.12558,-0.226511
1.41646,2.17533,-0.235715
1.26768,2.24848,-0.208861
1.3713,2.28657,-0.220415
1.24103,2.35311,-0.17949
1.36951,2.38103,-0.207856
1.21928,2.41839,-0.168196
1.33993,2.47094,-0.193159
1.19205,2.47528,-0.137829
1.31495,2.57597,-0.140284
1.18358,2.53049,-0.0773887
1.30942,2.60212,-0.104525
1.13155,1.43368,-0.0866367
1.12849,1.43761,0.00212062
0.689612,2.4001,0.00212225
0.858843,2.44028,0.00212162
0.855409,2.40915,-0.0718068
0.699085,2.38201,-0.0871817
0.865292,2.34704,-0.127939
0.719309,2.32853,-0.148406
0.88184,2.28153,-0.153409
0.768705,2.25826,-0.184323
0.899335,2.2105,-0.180109
0.784063,2.16937,-0.223723
0.916492,2.08547,-0.215925
0.820911,2.05167,-0.254258
0.957972,1.94856,-0.224923
0.869611,1.91721,-0.269272
1.00765,1.77835,-0.250988
0.936086,1.72311,-0.284979
0.897634,1.81003,-0.287685
1.04081,1.67873,-0.235873
0.9454,1.64066,-0.281082
1.05396,1.61264,-0.199444
0.960017,1.54696,-0.227321
1.06869,1.53548,-0.165453
1.10698,1.47067,-0.119688
1.30327,1.68541,0.00211998
0.83942,1.90627,-0.315513
0.871912,1.77994,-0.312238
0.888452,1.69987,-0.314495
0.867875,1.54601,-0.314504
0.888443,1.62278,-0.314156
0.766563,2.03908,-0.295218
0.752788,2.04302,-0.307517
0.714631,2.15084,-0.26136
0.779438,1.36167,-0.410997
0.801973,1.41681,-0.430428
0.844327,1.441,-0.359052
0.807672,1.51145,-0.427325
0.849616,1.51623,-0.348592
0.826182,1.61714,-0.449621
0.86355,1.62034,-0.379537
0.834786,1.69413,-0.445023
0.862373,1.69978,-0.390896
0.811451,1.80061,-0.421387
0.851547,1.77675,-0.372382
0.79135,1.92886,-0.363927
0.806258,1.92452,-0.337157
0.779025,2.04403,-0.283784
0.596398,2.39159,0.00212259
0.598271,2.37723,-0.0773424
0.620585,2.33238,-0.148533
0.672754,2.21938,-0.23857
0.648187,1.22222,-0.436829
0.692466,1.27469,-0.444552
0.570496,2.36489,-0.0916598
0.582477,2.34314,-0.141938
0.623599,2.25079,-0.225997
0.657171,2.16451,-0.290281
0.693014,2.0732,-0.332348
0.715967,1.948,-0.401344
0.737821,1.83681,-0.455149
0.75827,1.71368,-0.496911
0.760532,1.58781,-0.513706
0.739417,1.49566,-0.499873
0.733792,1.42895,-0.496576
0.709464,1.34232,-0.45767
0.545879,1.3113,-0.523099
0.587923,1.44582,-0.553162
0.455096,2.37755,-0.0761781
0.449312,2.39129,0.00212313
0.59998,1.52052,-0.56126
0.602413,1.57887,-0.568979
0.575925,1.72811,-0.553061
0.550243,1.83659,-0.502341
0.529305,1.96822,-0.446808
0.521512,2.10148,-0.377772
0.477955,2.24259,-0.276567
0.461425,2.31657,-0.175855
0.451186,2.35899,-0.112201
-0.243122,2.3456,-0.0687302
-0.238326,2.3659,0.00212567
-0.0182335,2.37064,0.00212486
-0.237092,2.30667,-0.125123
-0.016431,2.3104,-0.122056
-0.214298,2.26289,-0.187445
-0.021699,2.25479,-0.201441
-0.206968,2.1756,-0.275462
-0.00637241,2.13444,-0.306685
-0.234382,2.10316,-0.359335
0.0362096,2.03745,-0.383157
-0.202265,1.94942,-0.476709
0.0644169,1.93635,-0.438391
-0.104,1.75928,-0.550868
0.0723291,1.77075,-0.52062
-0.104048,1.6686,-0.580191
0.0672642,1.6893,-0.541412
-0.113865,1.59412,-0.595892
0.0771559,1.62209,-0.551617
-0.10262,1.52027,-0.601954
0.0743524,1.55867,-0.559808
-0.100641,1.43092,-0.598806
0.0816081,1.46746,-0.54586
-0.0989746,1.32421,-0.584731
0.0878722,1.3717,-0.500555
-0.109082,1.22289,-0.550568
0.0765391,1.32176,-0.484072
-0.101544,1.10375,-0.4814
0.0726424,1.20884,-0.447418
-0.107803,1.02295,-0.407759
0.0799072,1.13135,-0.403888
-0.104219,0.98232,-0.335056
0.0685344,1.06699,-0.364277
0.0650301,1.03194,-0.318922
0.0606178,0.961836,-0.251862
0.0607459,0.94233,-0.182817
-0.588431,2.35006,-0.0799123
-0.582939,2.37119,0.00212695
-0.442611,2.36773,0.00212643
-0.587514,2.32674,-0.117536
-0.439353,2.34661,-0.0646124
-0.617874,2.30212,-0.193214
-0.459419,2.32047,-0.115385
-0.605218,2.25989,-0.280455
-0.451032,2.29318,-0.16941
-0.639103,2.19085,-0.333357
-0.420854,2.25181,-0.2379
-0.743113,2.13404,-0.367157
-0.426584,2.17874,-0.306477
-0.768888,2.0005,-0.503138
-0.520747,2.0463,-0.42594
-0.673382,1.79638,-0.644697
-0.392488,1.80532,-0.591294
-0.626251,1.68227,-0.696259
-0.339269,1.67533,-0.646862
-0.578322,1.53957,-0.739418
-0.333737,1.60451,-0.669317
-0.576894,1.34657,-0.747873
-0.326684,1.50404,-0.678023
-0.564339,1.20042,-0.723276
-0.337087,1.38182,-0.692724
-0.556479,1.07713,-0.660866
-0.332432,1.23652,-0.664182
-0.572798,0.986433,-0.576667
-0.360036,1.09903,-0.612885
-0.573631,0.944234,-0.512626
-0.373423,1.00948,-0.543325
-0.373582,0.963961,-0.477212
-0.877541,2.37779,-0.0567158
-0.861632,2.39082,0.00212798
-0.723509,2.37672,0.00212747
-0.882853,2.35663,-0.119549
-0.735852,2.3582,-0.0648361
-0.911569,2.33345,-0.224462
-0.762635,2.34273,-0.127043
-0.931727,2.3146,-0.317654
-0.79035,2.31199,-0.236778
-0.960538,2.27904,-0.395849
-0.802829,2.26847,-0.333356
-1.02564,2.22039,-0.460806
-0.833475,2.21702,-0.359169
-1.02625,2.10077,-0.505262
-0.905463,2.12872,-0.415249
-0.982884,1.98897,-0.543974
-0.871019,2.03472,-0.484258
-0.96135,1.8562,-0.593928
-0.847727,1.9594,-0.550733
-0.993926,1.73361,-0.632656
-0.835733,1.79016,-0.640129
-0.998387,1.59257,-0.663932
-0.816597,1.67598,-0.682623
-0.956863,1.29525,-0.682566
-0.806076,1.45225,-0.742953
-0.948342,1.18502,-0.637758
-0.816558,1.2199,-0.717778
-0.959882,1.10608,-0.574916
-0.809531,1.09989,-0.657427
-0.962219,1.05839,-0.488464
-0.783122,1.01437,-0.594439
0.383061,1.22509,-0.530593
0.381262,1.30589,-0.54748
0.300402,2.39048,0.00212368
0.302981,2.37267,-0.0959082
0.312383,2.35156,-0.125173
0.318245,2.31689,-0.17469
0.321688,2.25718,-0.256182
0.327057,2.19145,-0.324552
0.355744,1.94315,-0.468741
0.350666,2.01687,-0.433887
0.376846,1.78849,-0.51467
0.385199,1.70219,-0.532127
0.390193,1.61179,-0.547128
0.391868,1.51964,-0.556265
0.398247,1.42249,-0.567043
0.183754,1.0167,-0.297059
0.24407,1.00699,-0.332333
0.191918,0.959636,-0.252153
0.226694,0.921489,0.00212396
0.197586,0.927634,-0.189417
0.365766,0.916904,0.00212344
0.195713,1.06619,-0.360677
0.210607,1.19381,-0.43941
0.263619,1.35436,-0.485523
0.248041,1.18636,-0.448076
0.20054,1.12477,-0.392199
0.0671428,0.916247,0.00212455
-0.761592,0.968223,-0.513026
-0.943831,2.38331,-0.0568963
-0.937223,2.3998,0.00212826
-0.957227,2.36311,-0.115851
-0.9666,2.34212,-0.231176
-0.987688,2.33293,-0.316194
-1.03916,2.29423,-0.430902
-1.1007,2.21653,-0.48863
-1.10595,2.08102,-0.518685
-1.13844,1.89292,-0.530997
-1.13348,1.80266,-0.546081
-1.13999,1.73002,-0.567513
-1.13303,1.61799,-0.602293
-1.13643,1.4787,-0.615588
-1.15186,1.36483,-0.569096
-1.12764,1.26347,-0.515216
-1.11647,1.18653,-0.472109
-1.08398,2.39188,-0.0514297
-1.08073,2.40856,0.00212879
-1.09745,2.37376,-0.107011
-1.11081,2.36799,-0.189099
-1.19236,2.31612,-0.353337
-1.22162,2.21504,-0.466938
-1.21469,2.10314,-0.501806
-1.22936,1.96062,-0.508696
-1.23664,1.84464,-0.52233
-1.23266,1.78485,-0.542131
-1.19376,1.70594,-0.572949
-1.17811,1.61993,-0.599931
-1.20153,1.48177,-0.604881
-1.23817,1.37138,-0.561069
-1.24551,1.27018,-0.489009
-1.24255,1.21717,-0.451413
-1.23806,1.2021,-0.42291
-1.25842,2.40454,-0.05887
-1.24862,2.41492,0.00212941
-1.26749,2.39229,-0.0989264
-1.28396,2.37607,-0.188803
-1.29922,2.31869,-0.352864
-1.31405,2.20099,-0.474678
-1.35384,2.07174,-0.514121
-1.35481,1.94193,-0.528553
-1.33631,1.84451,-0.543726
-1.29316,1.77143,-0.559005
-1.25437,1.69483,-0.586401
-1.25189,1.61153,-0.620238
-1.30604,1.43774,-0.618047
-1.34515,1.29917,-0.556831
-1.35208,1.19157,-0.495166
-1.35529,1.15122,-0.458381
-1.35851,1.11087,-0.421595
-1.51996,2.44304,-0.0274789
-1.5008,2.44881,0.00213034
-1.53074,2.42813,-0.094319
-1.53327,2.40792,-0.172047
-1.53862,2.37324,-0.264405
-1.53961,2.29832,-0.384006
-1.52526,2.15956,-0.487385
-1.4756,1.97154,-0.549849
-1.45966,1.8927,-0.55755
-1.45297,1.84967,-0.559296
-1.43217,1.7359,-0.578286
-1.41437,1.63773,-0.602341
-1.40615,1.55547,-0.612969
-1.39213,1.41923,-0.604007
-1.4131,1.24076,-0.550863
-1.47316,1.06929,-0.51234
-1.68755,2.47112,-0.0203944
-1.68069,2.48554,0.002131
-1.69838,2.42805,-0.0936879
-1.69734,2.41698,-0.15795
-1.71221,2.39207,-0.247068
-1.7019,2.33382,-0.343676
-1.6769,2.2475,-0.412813
-1.63343,2.08972,-0.494169
-1.58737,1.93646,-0.530827
-1.57185,1.8099,-0.537541
-1.57026,1.71984,-0.543306
-1.52618,1.63709,-0.566762
-1.50957,1.49669,-0.588398
-1.49508,1.37783,-0.590377
-1.49878,1.21172,-0.553812
-1.54326,1.06772,-0.522602
-1.89324,2.34611,-0.137662
-1.88793,2.35272,0.00213177
-1.83729,2.3832,0.00213158
-1.89652,2.30128,-0.223863
-1.82218,2.40123,-0.16542
-1.89028,2.24156,-0.267375
-1.83843,2.36423,-0.242417
-1.87407,2.17092,-0.308538
-1.81347,2.30807,-0.301869
-1.85905,2.09055,-0.334176
-1.78673,2.23467,-0.374304
-1.83127,1.94175,-0.388426
-1.77204,2.13025,-0.399426
-1.79942,1.77063,-0.433222
-1.75073,1.95482,-0.432469
-1.77487,1.68042,-0.462237
-1.71376,1.80486,-0.47607
-1.73477,1.59494,-0.488769
-1.68382,1.70213,-0.511383
-1.70872,1.44686,-0.510272
-1.6516,1.61737,-0.533882
-1.70658,1.30874,-0.500429
-1.62319,1.45091,-0.562795
-1.71795,1.16301,-0.467337
-1.62058,1.33016,-0.563897
-1.73036,1.04801,-0.43913
-1.63666,1.16122,-0.535398
-1.74744,0.982462,-0.422639
-1.65651,1.04578,-0.497572
-1.98814,2.30388,-0.127995
-1.9686,2.30946,0.00213207
-1.97182,2.24978,-0.188929
-1.96594,2.19865,-0.218904
-1.95294,2.12823,-0.250757
-1.94621,2.05075,-0.269055
-1.92108,1.92699,-0.305461
-1.88655,1.78203,-0.371266
-1.85116,1.67318,-0.402656
-1.82522,1.55324,-0.417696
-1.79215,1.41623,-0.431693
-1.767,1.30183,-0.445517
-1.7691,1.17153,-0.421766
-1.78648,1.08426,-0.401343
-1.97701,2.19887,-0.0912052
-1.97703,2.22821,0.0021321
-1.97343,2.16424,-0.117094
-1.97089,2.11326,-0.13753
-1.96056,2.06355,-0.15876
-1.957,2.01446,-0.161299
-1.94243,1.91226,-0.183132
-1.91558,1.77321,-0.229065
-1.89345,1.66503,-0.270536
-1.86615,1.54773,-0.320414
-1.84339,1.45185,-0.326916
-1.7892,1.28103,-0.347829
-1.42736,1.02777,-0.42387
-1.48401,0.937248,-0.388195
0.558519,2.38663,0.00212273
-1.58109,0.810576,-0.312053
-1.80535,0.356845,-0.466851
-1.77956,0.359688,-0.477568
-1.76257,0.280029,-0.494301
-1.72633,0.375461,-0.452927
-1.68762,0.384444,-0.457639
-1.65812,0.310009,-0.47733
-1.67138,0.384365,-0.423988
-1.64057,0.307558,-0.432659
-1.79746,0.272915,-0.495328
-1.79721,0.24785,-0.489315
-1.76451,0.218369,-0.484511
-1.80369,0.206348,-0.492119
-1.61333,0.252646,-0.435934
-1.62404,0.243574,-0.477978
-1.74221,0.289934,-0.499988
-1.75077,0.374191,-0.458706
-1.80979,0.19918,-0.416665
-1.79392,0.207538,-0.369393
-1.77732,0.266651,-0.372422
-1.79655,0.370858,-0.385332
-1.81386,0.348329,-0.423855
-1.81136,0.254952,-0.427549
-1.67792,0.238523,-0.48556
-1.71136,0.303816,-0.479336
-1.71778,0.227776,-0.498833
-1.73888,0.221181,-0.495214
-1.66785,0.325001,-0.396644
-1.63271,0.248683,-0.405518
-1.73775,0.279593,-0.355856
-1.69492,0.312218,-0.37046
-1.72471,0.379357,-0.369966
-1.74561,0.383056,-0.372616
-1.68179,0.377396,-0.401039
-1.77488,1.18526,-0.359277
-1.91901,1.97252,-0.125042
-1.90948,1.91396,-0.121573
-1.90071,1.79821,-0.139809
-1.89198,1.66893,-0.187575
-1.87167,1.56877,-0.238727
-1.92821,1.95422,0.00213192
-1.92935,2.17324,0.00213192
-1.93241,2.11616,0.00213193
-1.93846,2.04643,0.00213196
-2.05529,2.04576,-0.0232759
-2.03639,1.82284,-0.021288
-2.04176,1.82224,0.00213234
-2.0436,2.25552,-0.0252597
-2.06112,2.04516,0.00213241
-1.97224,2.39139,-0.0272435
-2.04991,2.25581,0.00213237
-1.8712,2.4679,-0.0292276
-1.97836,2.39428,0.0021321
-1.76916,2.48725,-0.0312116
-1.87503,2.47403,0.00213172
-2.03937,2.0474,-0.0418738
-2.02173,1.8245,-0.0384355
-2.02636,2.25476,-0.0453122
-1.95549,2.3835,-0.0487508
-1.8607,2.45115,-0.0521894
-1.76443,2.468,-0.0556281
-2.01761,2.04964,-0.0486889
-2.00169,1.82677,-0.0447172
-2.0028,2.25372,-0.0526606
-1.93261,2.37272,-0.0566282
-1.84637,2.42827,-0.0606002
-1.99584,2.05188,-0.0418916
-1.98165,1.82903,-0.0384489
-1.97923,2.25267,-0.04533
-1.90972,2.36194,-0.0487686
-1.83202,2.40539,-0.0522072
-1.97989,2.05352,-0.0232983
-1.96697,1.83069,-0.0213146
-1.96197,2.2519,-0.0252864
-1.89296,2.35404,-0.0272747
-1.82152,2.38863,-0.029263
-1.97405,2.05413,0.00210123
-1.96158,1.8313,0.00210559
-1.95564,2.25162,0.00210116
-1.81766,2.38249,0.00209184
-1.77088,2.4943,0.00213134
1.80134,2.42054,-0.270343
1.79308,2.49427,-0.279133
1.83408,2.50764,-0.250401
1.8587,2.4892,-0.228519
1.83797,2.41463,-0.251512
1.85869,2.41623,-0.227439
1.82179,2.39496,-0.257026
1.79736,2.40381,-0.26374
1.84627,2.38928,-0.24188
1.85486,2.3995,-0.220835
1.86738,2.43002,-0.20207
1.84689,2.50848,-0.218243
1.87119,2.47524,-0.209903
1.78564,2.52418,-0.251824
1.81014,2.52656,-0.235898
1.75695,2.43257,-0.268152
1.7691,2.49723,-0.266168
1.77343,2.53697,-0.258441
1.80615,2.55507,-0.237194
1.83055,2.55388,-0.225596
1.8264,2.52221,-0.232706
1.86341,2.53148,-0.204283
1.88769,2.48608,-0.197115
1.89584,2.44123,-0.193509
1.87569,2.40879,-0.192192
1.85877,2.37944,-0.222868
1.83416,2.36923,-0.243537
1.80555,2.3708,-0.258988
1.78131,2.39576,-0.264145
1.90438,2.46778,-0.174877
1.90017,2.43572,-0.177878
1.88799,2.3915,-0.181872
1.87109,2.37022,-0.211922
1.82619,2.34446,-0.237771
1.80179,2.34563,-0.249215
1.75317,2.36294,-0.258534
1.72904,2.38263,-0.25208
1.87585,2.52992,-0.188458
1.89197,2.49708,-0.184032
1.83499,2.56472,-0.212531
1.77762,2.54819,-0.249316
1.75281,2.50235,-0.277414
1.74287,2.5008,-0.268677
1.74877,2.43295,-0.271912
1.72486,2.50531,-0.26436
1.79063,2.58876,-0.209176
1.81026,2.57062,-0.23164
1.81555,2.58208,-0.182013
1.86057,2.55045,-0.149755
1.88916,2.50838,-0.134234
1.90513,2.46468,-0.142816
1.90889,2.42495,-0.150892
1.72879,2.42429,-0.264154
1.74748,2.61675,-0.160978
1.78868,2.60068,-0.12298
1.84973,2.54953,-0.0969675
1.89415,2.5041,-0.090113
1.91839,2.45964,-0.090986
1.92965,2.41022,-0.124412
1.92104,2.35948,-0.145228
1.90793,2.3193,-0.189317
1.85477,2.26582,-0.221642
1.83029,2.25871,-0.229894
1.77348,2.25263,-0.249418
1.737,2.26543,-0.255466
1.69281,2.32602,-0.252568
1.66871,2.39016,-0.245806
1.65653,2.48002,-0.253102
1.66463,2.41511,-0.251431
1.74951,2.56392,-0.242999
1.66896,2.54352,-0.239115
1.88425,2.4993,0.00214869
1.93139,2.4597,-0.0507753
1.9588,2.39827,-0.0857404
1.95793,2.3247,-0.121221
1.96513,2.2391,-0.157892
1.72089,2.23732,-0.257811
1.68446,2.27019,-0.261918
1.6684,2.31032,-0.257664
1.63214,2.34727,-0.261226
1.62416,2.3874,-0.257162
1.61223,2.43147,-0.252621
1.75126,2.61718,0.00199489
1.70144,2.64758,-0.0596479
1.70215,2.60097,-0.205944
1.62975,2.62819,-0.193495
1.67613,2.65658,-0.110817
1.59322,2.56881,-0.206526
1.61241,2.49576,-0.246406
1.96072,2.20781,-0.168948
1.93213,2.14843,-0.182159
1.84266,2.14841,-0.220593
1.75725,2.20408,-0.249748
2.0039,2.39475,-0.050608
1.94062,2.45503,0.00221019
2.0291,2.3828,0.00231125
2.04938,2.36195,0.00233763
2.04828,2.34617,-0.052345
2.03126,2.31721,-0.0871248
2.02682,2.2826,-0.106636
2.00972,2.22158,-0.144514
1.99325,2.18619,-0.155684
1.97724,2.12524,-0.153074
1.97276,2.09829,-0.167696
1.85869,2.11595,-0.220117
1.74493,2.14428,-0.25923
1.70433,2.16987,-0.272079
1.65174,2.21962,-0.282156
1.61152,2.28022,-0.279511
1.59971,2.33606,-0.26969
1.59185,2.38387,-0.2609
2.12189,2.29701,0.00242111
2.12898,2.28478,-0.0480342
2.11199,2.26388,-0.0820382
2.09517,2.23809,-0.108381
2.07037,2.19622,-0.136254
2.05003,2.16059,-0.143214
2.03777,2.12086,-0.150756
2.03358,2.0967,-0.152996
2.18933,2.24857,-0.0529362
2.18432,2.23611,-0.0903875
2.16438,2.24339,-0.0810862
2.17539,2.20304,-0.125749
2.13078,2.18418,-0.138819
2.14763,2.218,-0.111537
2.16285,2.16859,-0.145057
2.11063,2.14778,-0.137726
2.15865,2.11668,-0.153965
2.11836,2.12082,-0.15263
2.16519,2.2643,-0.0467118
2.07377,2.09312,-0.158422
2.2657,2.21252,-0.0581953
2.25327,2.21407,-0.0738617
2.22082,2.22725,-0.0839561
2.2869,2.17973,0.00253643
2.29405,2.18756,-0.0531349
2.27732,2.18989,-0.0767623
2.23065,2.23638,0.00253664
2.23355,2.2326,-0.0555063
2.28708,2.1465,0.00253643
2.27103,2.10189,0.00253649
2.28626,2.09298,-0.0376977
2.26295,2.07355,0.00253652
2.27432,2.06821,-0.0318437
2.26957,2.0552,-0.0653629
2.28141,2.08052,-0.075312
2.24045,2.04274,-0.102254
2.19528,2.04589,-0.133437
2.1991,2.07144,-0.147159
2.2524,2.07148,-0.107883
2.21533,2.0787,-0.1387
2.16656,2.08502,-0.161358
2.16257,2.06828,-0.15475
2.12607,2.08582,-0.168472
2.06986,2.04828,-0.154534
2.11811,2.06498,-0.162173
2.15874,2.04745,-0.148543
2.11833,2.04376,-0.15211
2.09826,2.03532,-0.148314
2.04984,2.05991,-0.148958
2.05392,2.03101,-0.143712
2.07422,2.01822,-0.13729
2.02961,2.06425,-0.152057
2.02575,2.03536,-0.146626
2.02705,1.99353,-0.0899416
2.10318,2.00705,-0.106666
2.08784,1.9839,-0.0761753
2.14374,2.00192,-0.0959856
2.12831,1.97915,-0.0694443
2.19234,2.00901,-0.0882936
2.17295,1.97757,-0.0543643
1.96878,2.0619,-0.16714
1.96089,2.03261,-0.157509
1.99415,2.00394,-0.112572
1.94943,2.00985,-0.131214
2.20653,1.99613,0.00253673
2.21385,1.99117,-0.0297584
2.23765,2.01276,-0.0443273
2.16194,1.97331,0.0025369
2.11305,1.97117,-0.0293525
2.11769,1.97255,0.00253706
2.06034,1.97685,-0.0436875
1.95644,1.98092,0.00236883
1.91197,1.97383,0.00232932
1.92277,1.9667,-0.0617293
2.01966,1.97843,-0.0588556
1.9789,1.98039,-0.0779734
2.00484,1.98501,0.00240832
1.97157,1.9773,-0.0457325
2.06938,1.97296,0.00253724
1.93011,1.96981,-0.0941333
1.82746,1.96133,0.0022591
1.84626,1.95474,-0.0611119
1.86089,1.96055,-0.121649
1.71674,1.92864,-0.0808863
1.71047,1.93739,0.00216255
1.86438,2.00378,-0.150081
1.73542,1.9429,-0.144844
1.87171,2.02259,-0.176662
1.86723,2.07349,-0.20002
1.74916,2.07016,-0.246244
1.74988,2.02243,-0.214355
1.7428,1.9906,-0.176763
1.67187,2.11009,-0.281093
1.64026,2.05488,-0.253327
1.60512,2.00935,-0.200143
1.59769,1.97814,-0.170617
1.55284,2.00505,-0.19536
1.58943,1.91383,0.00206161
1.5798,1.912,-0.0713421
1.5625,1.92548,-0.12625
1.51691,1.97896,-0.176793
1.58325,2.10186,-0.275848
1.48377,2.04792,-0.217996
1.54373,2.07833,-0.240688
1.56854,2.02253,-0.21014
1.49887,2.19849,-0.268534
1.53074,2.21203,-0.284232
1.56682,2.24895,-0.289473
1.61946,2.15908,-0.283275
1.55916,2.3453,-0.279974
1.58776,2.42832,-0.26049
1.55537,2.39667,-0.266948
1.51931,2.33533,-0.259762
1.47492,2.31491,-0.256721
1.45925,2.1714,-0.237862
1.52738,2.3835,-0.255293
1.48716,2.37904,-0.250805
1.45132,2.2965,-0.233714
1.82369,2.55656,0.00207838
2.1903,2.25686,0.00253679
2.26297,2.21552,0.00253652
1.56155,2.74447,0.00178841
1.6221,2.71554,0.00185431
1.62095,2.7161,-0.0552968
1.57244,2.74106,-0.0597356
1.61555,2.70992,-0.11653
1.56792,2.7434,-0.0838039
1.61103,2.7034,-0.133161
1.50525,2.7524,0.00174013
1.50407,2.74504,-0.0577605
1.51116,2.74459,-0.0944889
1.57123,2.74611,-0.112003
1.51483,2.75047,-0.11426
1.56638,2.73348,-0.149472
1.60264,2.70534,-0.153033
1.65433,2.69096,0.00188946
1.63061,2.66932,-0.157168
1.46048,2.71008,-0.197917
1.45614,2.6664,-0.206027
1.44084,2.65525,-0.174376
1.44939,2.70954,-0.149074
1.43729,2.66099,-0.149501
1.45878,2.73656,-0.0940523
1.45673,2.73686,0.00170064
1.46639,2.73044,-0.115075
1.46601,2.732,-0.131182
1.47327,2.73547,-0.167373
1.42158,2.67184,-0.135964
1.43432,2.71372,-0.107809
1.44589,2.7076,-0.128924
1.41633,2.70071,0.00167434
1.34571,2.64027,-0.100739
1.40474,2.63816,-0.163074
1.36447,2.61363,-0.160522
1.43271,2.64325,-0.17535
1.45572,2.6194,-0.222844
1.40702,2.60858,-0.234878
1.37917,2.59132,-0.223782
1.3589,2.54727,-0.227573
1.34366,2.54734,-0.186706
1.47175,2.63216,-0.229955
1.47104,2.61087,-0.260384
1.42631,2.60399,-0.272131
1.39017,2.58358,-0.269278
1.37409,2.55074,-0.263949
1.48592,2.60746,-0.309697
1.44125,2.59704,-0.325936
1.41745,2.57543,-0.311208
1.39749,2.54222,-0.301837
1.55235,2.59966,-0.230982
1.51541,2.61851,-0.256686
1.51501,2.60805,-0.273798
1.52263,2.60588,-0.294437
1.49742,2.61861,-0.341259
1.45641,2.60129,-0.370371
1.43242,2.56768,-0.356797
1.54187,2.62175,-0.333854
1.51649,2.63936,-0.388334
1.46776,2.61638,-0.401545
1.44785,2.57078,-0.389386
1.46663,2.61709,-0.450091
1.4901,2.65619,-0.479229
1.46445,2.64647,-0.544482
1.50715,2.66487,-0.442426
1.5569,2.64686,-0.38456
1.5389,2.67074,-0.462848
1.52227,2.67663,-0.482143
1.49667,2.68695,-0.545302
1.46302,2.67273,-0.606654
1.44723,2.61419,-0.587707
1.44211,2.63534,-0.638171
1.44243,2.57621,-0.445352
1.44885,2.58713,-0.517323
1.41687,2.53725,-0.33514
1.43149,2.53911,-0.396056
1.43048,2.54732,-0.439731
1.43249,2.53185,-0.530424
1.45811,2.56236,-0.637467
1.46707,2.50187,-0.599033
1.48861,2.42702,-0.537874
1.43782,2.48142,-0.470676
1.47791,2.40921,-0.47859
1.40682,2.47133,-0.240013
1.414,2.47931,-0.279915
1.46302,2.43606,-0.252864
1.44793,2.42336,-0.205101
1.43542,2.47087,-0.402747
1.42925,2.48318,-0.320399
1.48778,2.40577,-0.402127
1.56029,2.54753,-0.236205
1.5726,2.53436,-0.225644
1.55616,2.51098,-0.235659
1.48718,2.65622,-0.604825
1.46637,2.62254,-0.631838
1.49621,2.61988,-0.563895
1.48329,2.61533,-0.600558
1.4788,2.62098,-0.616013
1.48402,2.60828,-0.568881
1.50866,2.65883,-0.5483
1.5086,2.63877,-0.550235
1.4874,2.63499,-0.594602
1.50939,2.61916,-0.515631
1.53937,2.53864,-0.268953
1.5427,2.58186,-0.297227
1.57776,2.53026,-0.351667
1.58947,2.57643,-0.36773
1.58452,2.61632,-0.40426
1.55518,2.63788,-0.458268
1.52991,2.65021,-0.500983
1.51783,2.64216,-0.501481
1.54293,2.62588,-0.459146
1.55225,2.59233,-0.405834
1.54895,2.56112,-0.376401
1.5149,2.60939,-0.455945
1.5441,2.47458,-0.234751
1.54953,2.53439,-0.350614
1.51974,2.58545,-0.417864
1.50864,2.55719,-0.375846
1.48905,2.52226,-0.350384
1.48813,2.53025,-0.390097
1.48715,2.55047,-0.432772
1.48966,2.56883,-0.495799
1.48878,2.58867,-0.53437
1.47969,2.50724,-0.404247
1.47443,2.51268,-0.460371
1.47714,2.53818,-0.514741
1.48024,2.56211,-0.553003
1.49172,2.46278,-0.404838
1.48221,2.46055,-0.46559
1.48492,2.49092,-0.527467
1.47588,2.52315,-0.568793
1.4712,2.57087,-0.60043
1.47087,2.58838,-0.614994
1.55579,2.44367,-0.250131
1.52395,2.44215,-0.233433
1.54553,2.50944,-0.344799
1.57799,2.51315,-0.341207
1.52963,2.48863,-0.338469
1.45541,2.37317,-0.230381
1.29651,2.63624,0.00212
1.3278,2.65948,0.00160855
1.38734,2.47273,-0.211039
0.720809,1.2603,0.372888
0.66883,1.21893,0.391093
0.641014,1.16565,0.382468
0.777598,1.28243,0.332942
0.71946,1.17347,0.357014
0.821001,1.26462,0.282936
0.76932,1.18236,0.32808
0.766565,1.12818,0.313603
0.834939,1.193,0.247728
0.710274,1.11127,0.337742
0.619268,1.10488,0.364386
0.696088,1.07703,0.326202
0.680439,1.0328,0.299167
0.609583,1.07003,0.347692
0.660933,0.971349,0.252225
0.595561,1.01689,0.319952
0.754385,1.04123,0.278872
0.782064,1.01467,0.238026
0.74139,0.985688,0.240102
0.812321,1.05858,0.231449
0.765097,1.09244,0.301018
0.853206,1.23733,0.236849
0.874026,1.11837,0.210044
0.917984,1.19301,0.174566
0.835371,1.11467,0.241932
0.894211,1.04965,0.195343
0.913443,1.11668,0.17946
0.866506,1.0129,0.206482
0.832184,0.968263,0.212896
0.767072,0.938914,0.215157
0.726068,0.937217,0.219957
0.649971,0.945244,0.236312
0.575002,0.953765,0.290854
0.949334,1.11506,0.139676
0.963145,1.18808,0.127637
0.933601,1.02924,0.148492
0.9033,0.982911,0.158614
0.8578,0.933029,0.161863
0.78027,0.900903,0.172411
0.714743,0.900929,0.174025
0.647251,0.904658,0.192173
0.56116,0.905893,0.247139
0.908184,1.50137,0.256862
0.864438,1.45062,0.29277
0.928299,1.38586,0.232211
0.974734,1.42097,0.191211
0.941391,1.32181,0.192194
0.90382,1.35305,0.245714
0.843249,1.37512,0.298779
0.825281,1.33367,0.297236
0.812471,1.3612,0.357191
0.977674,1.29096,0.153143
1.00088,1.2648,0.117499
1.02813,1.29864,0.118759
1.00416,1.33449,0.146235
-0.369484,0.905434,0.383463
-0.577603,0.890901,0.40792
-0.528114,0.831299,0.365099
-0.383202,0.823412,0.247622
-0.376299,0.859039,0.354876
-0.12579,0.931032,0.298522
-0.39137,0.806882,0.171098
-0.130013,0.884055,0.179313
0.439154,0.382628,0.419174
0.415747,0.379789,0.408462
0.42291,0.295855,0.436939
0.522568,0.407389,0.399245
0.487445,0.398405,0.394533
0.501035,0.32676,0.420946
0.537304,0.407305,0.365593
0.549334,0.332949,0.418936
0.423135,0.270795,0.430922
0.45456,0.302969,0.435907
0.417259,0.229288,0.433725
0.452806,0.241309,0.426117
0.456954,0.221023,0.413444
0.589985,0.275591,0.37754
0.56526,0.330502,0.374264
0.465272,0.397135,0.400312
0.473035,0.312879,0.441598
0.410297,0.277892,0.369155
0.411717,0.22212,0.358272
0.426122,0.230482,0.310999
0.408023,0.371273,0.365461
0.423729,0.393798,0.326943
0.441185,0.289591,0.314032
0.531371,0.261463,0.42717
0.580266,0.266514,0.419584
0.495207,0.250715,0.440439
0.476059,0.244126,0.43682
0.540508,0.347941,0.33825
0.477085,0.302537,0.297462
0.515951,0.335162,0.312066
0.539076,0.263199,0.319004
0.572397,0.271623,0.347124
0.48892,0.402297,0.311572
0.469952,0.406,0.314221
-1.59235,0.813428,0.408365
-1.54696,0.845956,0.332554
-1.484,0.937248,0.392455
-1.62812,0.763859,0.444996
-1.52623,0.924482,0.437674
-1.66895,0.772539,0.479754
-1.56058,0.915066,0.480107
-1.71592,0.780301,0.490563
-1.60356,0.921356,0.494578
-1.76667,0.794667,0.481658
-1.64432,0.943423,0.499723
-1.88389,0.826503,0.338237
-1.88036,0.827234,0.400228
-1.82547,0.948568,0.393607
-1.80511,1.00153,0.392695
-1.81222,1.00124,0.321539
-1.83484,0.948188,0.298736
-1.74252,0.598564,0.463916
-1.73576,0.476367,0.46869
-1.69883,0.477425,0.463585
-1.73885,0.673118,0.476796
-1.69431,0.606926,0.458401
-1.68528,0.673299,0.470933
-1.75558,0.676129,0.474402
-1.78836,0.587151,0.443771
-1.77502,0.472986,0.453358
-1.80851,0.688242,0.445292
-1.82194,0.804586,0.432196
-1.83578,0.5869,0.421057
-1.81723,0.468763,0.423199
-1.86337,0.687541,0.412954
-1.6742,0.491416,0.433751
-1.66743,0.602293,0.436012
-1.65077,0.678452,0.435377
-1.61672,0.743308,0.389216
-1.65584,0.658712,0.380501
-1.67763,0.584436,0.391953
-1.68468,0.496424,0.3992
-1.68194,0.652753,0.358399
-1.64836,0.731001,0.344451
-1.71737,0.652078,0.339982
